 -100         0        0 0.000000000000 0.000000000000 
  -99         0        0 0.000000000000 0.000000000000 
  -98         0        0 0.000000000000 0.000000000000 
  -97         0        0 0.000000000000 0.000000000000 
  -96         0        0 0.000000000000 0.000000000000 
  -95         0        0 0.000000000000 0.000000000000 
  -94         0        0 0.000000000000 0.000000000000 
  -93         0        0 0.000000000000 0.000000000000 
  -92         0        0 0.000000000000 0.000000000000 
  -91         0        0 0.000000000000 0.000000000000 
  -90         0        0 0.000000000000 0.000000000000 
  -89         0        0 0.000000000000 0.000000000000 
  -88         0        0 0.000000000000 0.000000000000 
  -87         0        0 0.000000000000 0.000000000000 
  -86         0        0 0.000000000000 0.000000000000 
  -85         0        0 0.000000000000 0.000000000000 
  -84         0        0 0.000000000000 0.000000000000 
  -83         0        0 0.000000000000 0.000000000000 
  -82         0        0 0.000000000000 0.000000000000 
  -81         0        0 0.000000000000 0.000000000000 
  -80         0        0 0.000000000000 0.000000000000 
  -79         0        0 0.000000000000 0.000000000000 
  -78         0        0 0.000000000000 0.000000000000 
  -77         0        0 0.000000000000 0.000000000000 
  -76         0        0 0.000000000000 0.000000000000 
  -75         0        0 0.000000000000 0.000000000000 
  -74         0        0 0.000000000000 0.000000000000 
  -73         0        0 0.000000000000 0.000000000000 
  -72         0        0 0.000000000000 0.000000000000 
  -71         0        0 0.000000000000 0.000000000000 
  -70         0        0 0.000000000000 0.000000000000 
  -69         0        0 0.000000000000 0.000000000000 
  -68         0        0 0.000000000000 0.000000000000 
  -67         0        0 0.000000000000 0.000000000000 
  -66         0        0 0.000000000000 0.000000000000 
  -65         0        0 0.000000000000 0.000000000000 
  -64         0        0 0.000000000000 0.000000000000 
  -63         0        0 0.000000000000 0.000000000000 
  -62         0        0 0.000000000000 0.000000000000 
  -61         0        0 0.000000000000 0.000000000000 
  -60         0        0 0.000000000000 0.000000000000 
  -59         0        0 0.000000000000 0.000000000000 
  -58         0        0 0.000000000000 0.000000000000 
  -57         0        0 0.000000000000 0.000000000000 
  -56         0        0 0.000000000000 0.000000000000 
  -55         0        0 0.000000000000 0.000000000000 
  -54         0        0 0.000000000000 0.000000000000 
  -53         0        0 0.000000000000 0.000000000000 
  -52         0        0 0.000000000000 0.000000000000 
  -51         0        0 0.000000000000 0.000000000000 
  -50         0        0 0.000000000000 0.000000000000 
  -49         0        0 0.000000000000 0.000000000000 
  -48         0        0 0.000000000000 0.000000000000 
  -47         0        0 0.000000000000 0.000000000000 
  -46         0        0 0.000000000000 0.000000000000 
  -45         0        0 0.000000000000 0.000000000000 
  -44         0        0 0.000000000000 0.000000000000 
  -43         0        0 0.000000000000 0.000000000000 
  -42         0        0 0.000000000000 0.000000000000 
  -41         0        0 0.000000000000 0.000000000000 
  -40         0        0 0.000000000000 0.000000000000 
  -39         0        0 0.000000000000 0.000000000000 
  -38         0        0 0.000000000000 0.000000000000 
  -37         0        0 0.000000000000 0.000000000000 
  -36         0        0 0.000000000000 0.000000000000 
  -35         0        0 0.000000000000 0.000000000000 
  -34         0        0 0.000000000000 0.000000000000 
  -33         0        0 0.000000000000 0.000000000000 
  -32         0        0 0.000000000000 0.000000000000 
  -31         0        0 0.000000000000 0.000000000000 
  -30         0        0 0.000000000000 0.000000000000 
  -29         0        0 0.000000000000 0.000000000000 
  -28         0        0 0.000000000000 0.000000000000 
  -27         0        0 0.000000000000 0.000000000000 
  -26         0        0 0.000000000000 0.000000000000 
  -25         0        0 0.000000000000 0.000000000000 
  -24         0        0 0.000000000000 0.000000000000 
  -23         0        0 0.000000000000 0.000000000000 
  -22         0        0 0.000000000000 0.000000000000 
  -21         0        0 0.000000000000 0.000000000000 
  -20         0        0 0.000000000000 0.000000000000 
  -19         0        0 0.000000000000 0.000000000000 
  -18         0        0 0.000000000000 0.000000000000 
  -17         0        0 0.000000000000 0.000000000000 
  -16         0        0 0.000000000000 0.000000000000 
  -15         0        0 0.000000000000 0.000000000000 
  -14         0        0 0.000000000000 0.000000000000 
  -13         0        0 0.000000000000 0.000000000000 
  -12         0        0 0.000000000000 0.000000000000 
  -11         0        0 0.000000000000 0.000000000000 
  -10         0        0 0.000000000000 0.000000000000 
   -9         5        0 0.000036671141 0.000000000000 
   -8        12        0 0.000088010737 0.000000000000 
   -7        29        0 0.000212692615 0.000000000000 
   -6        47        0 0.000344708721 0.000000000000 
   -5        79        0 0.000579404021 0.000000000000 
   -4       185        0 0.001356832200 0.000000000000 
   -3       338        0 0.002478969101 0.000000000000 
   -2       839        0 0.006153417384 0.000000000000 
   -1      3901        0 0.028610823854 0.000000000000 
    0    125581   136347 0.921039700177 1.000000000000 
    1      3754        0 0.027532692322 0.000000000000 
    2       904        0 0.006630142211 0.000000000000 
    3       321        0 0.002354287223 0.000000000000 
    4       153        0 0.001122136901 0.000000000000 
    5        88        0 0.000645412074 0.000000000000 
    6        53        0 0.000388714090 0.000000000000 
    7        31        0 0.000227361071 0.000000000000 
    8        16        0 0.000117347650 0.000000000000 
    9        10        0 0.000073342281 0.000000000000 
   10         0        0 0.000000000000 0.000000000000 
   11         0        0 0.000000000000 0.000000000000 
   12         0        0 0.000000000000 0.000000000000 
   13         0        0 0.000000000000 0.000000000000 
   14         0        0 0.000000000000 0.000000000000 
   15         0        0 0.000000000000 0.000000000000 
   16         0        0 0.000000000000 0.000000000000 
   17         0        0 0.000000000000 0.000000000000 
   18         0        0 0.000000000000 0.000000000000 
   19         0        0 0.000000000000 0.000000000000 
   20         0        0 0.000000000000 0.000000000000 
   21         0        0 0.000000000000 0.000000000000 
   22         0        0 0.000000000000 0.000000000000 
   23         0        0 0.000000000000 0.000000000000 
   24         0        0 0.000000000000 0.000000000000 
   25         0        0 0.000000000000 0.000000000000 
   26         0        0 0.000000000000 0.000000000000 
   27         0        0 0.000000000000 0.000000000000 
   28         0        0 0.000000000000 0.000000000000 
   29         0        0 0.000000000000 0.000000000000 
   30         0        0 0.000000000000 0.000000000000 
   31         0        0 0.000000000000 0.000000000000 
   32         0        0 0.000000000000 0.000000000000 
   33         0        0 0.000000000000 0.000000000000 
   34         0        0 0.000000000000 0.000000000000 
   35         1        0 0.000007334228 0.000000000000 
   36         0        0 0.000000000000 0.000000000000 
   37         0        0 0.000000000000 0.000000000000 
   38         0        0 0.000000000000 0.000000000000 
   39         0        0 0.000000000000 0.000000000000 
   40         0        0 0.000000000000 0.000000000000 
   41         0        0 0.000000000000 0.000000000000 
   42         0        0 0.000000000000 0.000000000000 
   43         0        0 0.000000000000 0.000000000000 
   44         0        0 0.000000000000 0.000000000000 
   45         0        0 0.000000000000 0.000000000000 
   46         0        0 0.000000000000 0.000000000000 
   47         0        0 0.000000000000 0.000000000000 
   48         0        0 0.000000000000 0.000000000000 
   49         0        0 0.000000000000 0.000000000000 
   50         0        0 0.000000000000 0.000000000000 
   51         0        0 0.000000000000 0.000000000000 
   52         0        0 0.000000000000 0.000000000000 
   53         0        0 0.000000000000 0.000000000000 
   54         0        0 0.000000000000 0.000000000000 
   55         0        0 0.000000000000 0.000000000000 
   56         0        0 0.000000000000 0.000000000000 
   57         0        0 0.000000000000 0.000000000000 
   58         0        0 0.000000000000 0.000000000000 
   59         0        0 0.000000000000 0.000000000000 
   60         0        0 0.000000000000 0.000000000000 
   61         0        0 0.000000000000 0.000000000000 
   62         0        0 0.000000000000 0.000000000000 
   63         0        0 0.000000000000 0.000000000000 
   64         0        0 0.000000000000 0.000000000000 
   65         0        0 0.000000000000 0.000000000000 
   66         0        0 0.000000000000 0.000000000000 
   67         0        0 0.000000000000 0.000000000000 
   68         0        0 0.000000000000 0.000000000000 
   69         0        0 0.000000000000 0.000000000000 
   70         0        0 0.000000000000 0.000000000000 
   71         0        0 0.000000000000 0.000000000000 
   72         0        0 0.000000000000 0.000000000000 
   73         0        0 0.000000000000 0.000000000000 
   74         0        0 0.000000000000 0.000000000000 
   75         0        0 0.000000000000 0.000000000000 
   76         0        0 0.000000000000 0.000000000000 
   77         0        0 0.000000000000 0.000000000000 
   78         0        0 0.000000000000 0.000000000000 
   79         0        0 0.000000000000 0.000000000000 
   80         0        0 0.000000000000 0.000000000000 
   81         0        0 0.000000000000 0.000000000000 
   82         0        0 0.000000000000 0.000000000000 
   83         0        0 0.000000000000 0.000000000000 
   84         0        0 0.000000000000 0.000000000000 
   85         0        0 0.000000000000 0.000000000000 
   86         0        0 0.000000000000 0.000000000000 
   87         0        0 0.000000000000 0.000000000000 
   88         0        0 0.000000000000 0.000000000000 
   89         0        0 0.000000000000 0.000000000000 
   90         0        0 0.000000000000 0.000000000000 
   91         0        0 0.000000000000 0.000000000000 
   92         0        0 0.000000000000 0.000000000000 
   93         0        0 0.000000000000 0.000000000000 
   94         0        0 0.000000000000 0.000000000000 
   95         0        0 0.000000000000 0.000000000000 
   96         0        0 0.000000000000 0.000000000000 
   97         0        0 0.000000000000 0.000000000000 
   98         0        0 0.000000000000 0.000000000000 
   99         0        0 0.000000000000 0.000000000000 
  100         0        0 0.000000000000 0.000000000000 
Various statistics on the whole empirical distribution (non-central moments)
mean =   0.00008068   0.00000000 
non-central sigma≤  =   0.30006527   0.00000000 
non-central kurtosis= 181.67804059   0.00000000 
non-central skewness=   1.21088652   0.00000000 
Various statistics on the semi empirical distribution (one side, axial dispersal, central moments)
mean axial dispersal =   0.12262096   0.00000000 
central/axial sigma≤  =   0.28502937   0.00000000 
central/axial kurtosis= 193.48956055   0.00000000 
central/axial skewness=   4.57190265   0.00000000