 -100         0        0 0.000000000000 0.000000000000 
  -99         0        0 0.000000000000 0.000000000000 
  -98         0        0 0.000000000000 0.000000000000 
  -97         0        0 0.000000000000 0.000000000000 
  -96         0        0 0.000000000000 0.000000000000 
  -95         0        0 0.000000000000 0.000000000000 
  -94         0        0 0.000000000000 0.000000000000 
  -93         0        0 0.000000000000 0.000000000000 
  -92         0        0 0.000000000000 0.000000000000 
  -91         0        0 0.000000000000 0.000000000000 
  -90         0        0 0.000000000000 0.000000000000 
  -89         0        0 0.000000000000 0.000000000000 
  -88         0        0 0.000000000000 0.000000000000 
  -87         0        0 0.000000000000 0.000000000000 
  -86         0        0 0.000000000000 0.000000000000 
  -85         0        0 0.000000000000 0.000000000000 
  -84         0        0 0.000000000000 0.000000000000 
  -83         0        0 0.000000000000 0.000000000000 
  -82         0        0 0.000000000000 0.000000000000 
  -81         0        0 0.000000000000 0.000000000000 
  -80         0        0 0.000000000000 0.000000000000 
  -79         0        0 0.000000000000 0.000000000000 
  -78         0        0 0.000000000000 0.000000000000 
  -77         0        0 0.000000000000 0.000000000000 
  -76         0        0 0.000000000000 0.000000000000 
  -75         0        0 0.000000000000 0.000000000000 
  -74         0        0 0.000000000000 0.000000000000 
  -73         0        0 0.000000000000 0.000000000000 
  -72         0        0 0.000000000000 0.000000000000 
  -71         0        0 0.000000000000 0.000000000000 
  -70         0        0 0.000000000000 0.000000000000 
  -69         0        0 0.000000000000 0.000000000000 
  -68         0        0 0.000000000000 0.000000000000 
  -67         0        0 0.000000000000 0.000000000000 
  -66         0        0 0.000000000000 0.000000000000 
  -65         0        0 0.000000000000 0.000000000000 
  -64         0        0 0.000000000000 0.000000000000 
  -63         0        0 0.000000000000 0.000000000000 
  -62         0        0 0.000000000000 0.000000000000 
  -61         0        0 0.000000000000 0.000000000000 
  -60         0        0 0.000000000000 0.000000000000 
  -59         0        0 0.000000000000 0.000000000000 
  -58         0        0 0.000000000000 0.000000000000 
  -57         0        0 0.000000000000 0.000000000000 
  -56         0        0 0.000000000000 0.000000000000 
  -55         0        0 0.000000000000 0.000000000000 
  -54         0        0 0.000000000000 0.000000000000 
  -53         0        0 0.000000000000 0.000000000000 
  -52         0        0 0.000000000000 0.000000000000 
  -51         0        0 0.000000000000 0.000000000000 
  -50         0        0 0.000000000000 0.000000000000 
  -49         0        0 0.000000000000 0.000000000000 
  -48         0        0 0.000000000000 0.000000000000 
  -47         0        0 0.000000000000 0.000000000000 
  -46         0        0 0.000000000000 0.000000000000 
  -45         0        0 0.000000000000 0.000000000000 
  -44         0        0 0.000000000000 0.000000000000 
  -43         0        0 0.000000000000 0.000000000000 
  -42         0        0 0.000000000000 0.000000000000 
  -41         0        0 0.000000000000 0.000000000000 
  -40         0        0 0.000000000000 0.000000000000 
  -39         0        0 0.000000000000 0.000000000000 
  -38         0        0 0.000000000000 0.000000000000 
  -37         0        0 0.000000000000 0.000000000000 
  -36         0        0 0.000000000000 0.000000000000 
  -35         0        0 0.000000000000 0.000000000000 
  -34         0        0 0.000000000000 0.000000000000 
  -33         0        0 0.000000000000 0.000000000000 
  -32         0        0 0.000000000000 0.000000000000 
  -31         0        0 0.000000000000 0.000000000000 
  -30         0        0 0.000000000000 0.000000000000 
  -29         0        0 0.000000000000 0.000000000000 
  -28         1        0 0.000012265424 0.000000000000 
  -27         0        0 0.000000000000 0.000000000000 
  -26         0        0 0.000000000000 0.000000000000 
  -25         0        0 0.000000000000 0.000000000000 
  -24         0        0 0.000000000000 0.000000000000 
  -23         0        0 0.000000000000 0.000000000000 
  -22         0        0 0.000000000000 0.000000000000 
  -21         0        0 0.000000000000 0.000000000000 
  -20         0        0 0.000000000000 0.000000000000 
  -19         0        0 0.000000000000 0.000000000000 
  -18         0        0 0.000000000000 0.000000000000 
  -17         0        0 0.000000000000 0.000000000000 
  -16         0        0 0.000000000000 0.000000000000 
  -15         0        0 0.000000000000 0.000000000000 
  -14         0        0 0.000000000000 0.000000000000 
  -13         0        0 0.000000000000 0.000000000000 
  -12         0        0 0.000000000000 0.000000000000 
  -11         0        0 0.000000000000 0.000000000000 
  -10         0        0 0.000000000000 0.000000000000 
   -9         6        0 0.000073592543 0.000000000000 
   -8        11        0 0.000134919661 0.000000000000 
   -7        16        0 0.000196246780 0.000000000000 
   -6        26        0 0.000318901018 0.000000000000 
   -5        58        0 0.000711394579 0.000000000000 
   -4       103        0 0.001263338648 0.000000000000 
   -3       216        0 0.002649331534 0.000000000000 
   -2       518        0 0.006353489513 0.000000000000 
   -1      2302        0 0.028235005519 0.000000000000 
    0     74956    81530 0.919367104133 1.000000000000 
    1      2385        0 0.029253035692 0.000000000000 
    2       521        0 0.006390285784 0.000000000000 
    3       194        0 0.002379492211 0.000000000000 
    4       101        0 0.001238807801 0.000000000000 
    5        57        0 0.000699129155 0.000000000000 
    6        30        0 0.000367962713 0.000000000000 
    7        17        0 0.000208512204 0.000000000000 
    8         7        0 0.000085857966 0.000000000000 
    9         4        0 0.000049061695 0.000000000000 
   10         0        0 0.000000000000 0.000000000000 
   11         0        0 0.000000000000 0.000000000000 
   12         0        0 0.000000000000 0.000000000000 
   13         0        0 0.000000000000 0.000000000000 
   14         0        0 0.000000000000 0.000000000000 
   15         0        0 0.000000000000 0.000000000000 
   16         0        0 0.000000000000 0.000000000000 
   17         0        0 0.000000000000 0.000000000000 
   18         0        0 0.000000000000 0.000000000000 
   19         0        0 0.000000000000 0.000000000000 
   20         1        0 0.000012265424 0.000000000000 
   21         0        0 0.000000000000 0.000000000000 
   22         0        0 0.000000000000 0.000000000000 
   23         0        0 0.000000000000 0.000000000000 
   24         0        0 0.000000000000 0.000000000000 
   25         0        0 0.000000000000 0.000000000000 
   26         0        0 0.000000000000 0.000000000000 
   27         0        0 0.000000000000 0.000000000000 
   28         0        0 0.000000000000 0.000000000000 
   29         0        0 0.000000000000 0.000000000000 
   30         0        0 0.000000000000 0.000000000000 
   31         0        0 0.000000000000 0.000000000000 
   32         0        0 0.000000000000 0.000000000000 
   33         0        0 0.000000000000 0.000000000000 
   34         0        0 0.000000000000 0.000000000000 
   35         0        0 0.000000000000 0.000000000000 
   36         0        0 0.000000000000 0.000000000000 
   37         0        0 0.000000000000 0.000000000000 
   38         0        0 0.000000000000 0.000000000000 
   39         0        0 0.000000000000 0.000000000000 
   40         0        0 0.000000000000 0.000000000000 
   41         0        0 0.000000000000 0.000000000000 
   42         0        0 0.000000000000 0.000000000000 
   43         0        0 0.000000000000 0.000000000000 
   44         0        0 0.000000000000 0.000000000000 
   45         0        0 0.000000000000 0.000000000000 
   46         0        0 0.000000000000 0.000000000000 
   47         0        0 0.000000000000 0.000000000000 
   48         0        0 0.000000000000 0.000000000000 
   49         0        0 0.000000000000 0.000000000000 
   50         0        0 0.000000000000 0.000000000000 
   51         0        0 0.000000000000 0.000000000000 
   52         0        0 0.000000000000 0.000000000000 
   53         0        0 0.000000000000 0.000000000000 
   54         0        0 0.000000000000 0.000000000000 
   55         0        0 0.000000000000 0.000000000000 
   56         0        0 0.000000000000 0.000000000000 
   57         0        0 0.000000000000 0.000000000000 
   58         0        0 0.000000000000 0.000000000000 
   59         0        0 0.000000000000 0.000000000000 
   60         0        0 0.000000000000 0.000000000000 
   61         0        0 0.000000000000 0.000000000000 
   62         0        0 0.000000000000 0.000000000000 
   63         0        0 0.000000000000 0.000000000000 
   64         0        0 0.000000000000 0.000000000000 
   65         0        0 0.000000000000 0.000000000000 
   66         0        0 0.000000000000 0.000000000000 
   67         0        0 0.000000000000 0.000000000000 
   68         0        0 0.000000000000 0.000000000000 
   69         0        0 0.000000000000 0.000000000000 
   70         0        0 0.000000000000 0.000000000000 
   71         0        0 0.000000000000 0.000000000000 
   72         0        0 0.000000000000 0.000000000000 
   73         0        0 0.000000000000 0.000000000000 
   74         0        0 0.000000000000 0.000000000000 
   75         0        0 0.000000000000 0.000000000000 
   76         0        0 0.000000000000 0.000000000000 
   77         0        0 0.000000000000 0.000000000000 
   78         0        0 0.000000000000 0.000000000000 
   79         0        0 0.000000000000 0.000000000000 
   80         0        0 0.000000000000 0.000000000000 
   81         0        0 0.000000000000 0.000000000000 
   82         0        0 0.000000000000 0.000000000000 
   83         0        0 0.000000000000 0.000000000000 
   84         0        0 0.000000000000 0.000000000000 
   85         0        0 0.000000000000 0.000000000000 
   86         0        0 0.000000000000 0.000000000000 
   87         0        0 0.000000000000 0.000000000000 
   88         0        0 0.000000000000 0.000000000000 
   89         0        0 0.000000000000 0.000000000000 
   90         0        0 0.000000000000 0.000000000000 
   91         0        0 0.000000000000 0.000000000000 
   92         0        0 0.000000000000 0.000000000000 
   93         0        0 0.000000000000 0.000000000000 
   94         0        0 0.000000000000 0.000000000000 
   95         0        0 0.000000000000 0.000000000000 
   96         0        0 0.000000000000 0.000000000000 
   97         0        0 0.000000000000 0.000000000000 
   98         0        0 0.000000000000 0.000000000000 
   99         0        0 0.000000000000 0.000000000000 
  100         0        0 0.000000000000 0.000000000000 
Various statistics on the whole empirical distribution (non-central moments)
mean =  -0.00020851   0.00000000 
non-central sigma≤  =   0.31216730   0.00000000 
non-central kurtosis= 153.63029640   0.00000000 
non-central skewness=  -0.66759656   0.00000000 
Various statistics on the semi empirical distribution (one side, axial dispersal, central moments)
mean axial dispersal =   0.12553661   0.00000000 
central/axial sigma≤  =   0.29640786   0.00000000 
central/axial kurtosis= 162.54747293   0.00000000 
central/axial skewness=   4.63915761   0.00000000