 -100         0        0 0.000000000000 0.000000000000 
  -99         0        0 0.000000000000 0.000000000000 
  -98         0        0 0.000000000000 0.000000000000 
  -97         0        0 0.000000000000 0.000000000000 
  -96         0        0 0.000000000000 0.000000000000 
  -95         0        0 0.000000000000 0.000000000000 
  -94         0        0 0.000000000000 0.000000000000 
  -93         0        0 0.000000000000 0.000000000000 
  -92         0        0 0.000000000000 0.000000000000 
  -91         0        0 0.000000000000 0.000000000000 
  -90         0        0 0.000000000000 0.000000000000 
  -89         0        0 0.000000000000 0.000000000000 
  -88         0        0 0.000000000000 0.000000000000 
  -87         0        0 0.000000000000 0.000000000000 
  -86         0        0 0.000000000000 0.000000000000 
  -85         0        0 0.000000000000 0.000000000000 
  -84         0        0 0.000000000000 0.000000000000 
  -83         0        0 0.000000000000 0.000000000000 
  -82         0        0 0.000000000000 0.000000000000 
  -81         0        0 0.000000000000 0.000000000000 
  -80         0        0 0.000000000000 0.000000000000 
  -79         0        0 0.000000000000 0.000000000000 
  -78         0        0 0.000000000000 0.000000000000 
  -77         0        0 0.000000000000 0.000000000000 
  -76         0        0 0.000000000000 0.000000000000 
  -75         0        0 0.000000000000 0.000000000000 
  -74         0        0 0.000000000000 0.000000000000 
  -73         0        0 0.000000000000 0.000000000000 
  -72         0        0 0.000000000000 0.000000000000 
  -71         0        0 0.000000000000 0.000000000000 
  -70         0        0 0.000000000000 0.000000000000 
  -69         0        0 0.000000000000 0.000000000000 
  -68         0        0 0.000000000000 0.000000000000 
  -67         0        0 0.000000000000 0.000000000000 
  -66         0        0 0.000000000000 0.000000000000 
  -65         0        0 0.000000000000 0.000000000000 
  -64         0        0 0.000000000000 0.000000000000 
  -63         0        0 0.000000000000 0.000000000000 
  -62         0        0 0.000000000000 0.000000000000 
  -61         0        0 0.000000000000 0.000000000000 
  -60         0        0 0.000000000000 0.000000000000 
  -59         0        0 0.000000000000 0.000000000000 
  -58         0        0 0.000000000000 0.000000000000 
  -57         0        0 0.000000000000 0.000000000000 
  -56         0        0 0.000000000000 0.000000000000 
  -55         0        0 0.000000000000 0.000000000000 
  -54         0        0 0.000000000000 0.000000000000 
  -53         0        0 0.000000000000 0.000000000000 
  -52         0        0 0.000000000000 0.000000000000 
  -51         0        0 0.000000000000 0.000000000000 
  -50         0        0 0.000000000000 0.000000000000 
  -49         0        0 0.000000000000 0.000000000000 
  -48         0        0 0.000000000000 0.000000000000 
  -47         0        0 0.000000000000 0.000000000000 
  -46         0        0 0.000000000000 0.000000000000 
  -45         0        0 0.000000000000 0.000000000000 
  -44         0        0 0.000000000000 0.000000000000 
  -43         0        0 0.000000000000 0.000000000000 
  -42         0        0 0.000000000000 0.000000000000 
  -41         0        0 0.000000000000 0.000000000000 
  -40         0        0 0.000000000000 0.000000000000 
  -39         0        0 0.000000000000 0.000000000000 
  -38         0        0 0.000000000000 0.000000000000 
  -37         0        0 0.000000000000 0.000000000000 
  -36         0        0 0.000000000000 0.000000000000 
  -35         0        0 0.000000000000 0.000000000000 
  -34         0        0 0.000000000000 0.000000000000 
  -33         0        0 0.000000000000 0.000000000000 
  -32         0        0 0.000000000000 0.000000000000 
  -31         0        0 0.000000000000 0.000000000000 
  -30         0        0 0.000000000000 0.000000000000 
  -29         0        0 0.000000000000 0.000000000000 
  -28         0        0 0.000000000000 0.000000000000 
  -27         0        0 0.000000000000 0.000000000000 
  -26         0        0 0.000000000000 0.000000000000 
  -25         0        0 0.000000000000 0.000000000000 
  -24         0        0 0.000000000000 0.000000000000 
  -23         0        0 0.000000000000 0.000000000000 
  -22         0        0 0.000000000000 0.000000000000 
  -21         0        0 0.000000000000 0.000000000000 
  -20         0        0 0.000000000000 0.000000000000 
  -19         0        0 0.000000000000 0.000000000000 
  -18         0        0 0.000000000000 0.000000000000 
  -17         0        0 0.000000000000 0.000000000000 
  -16         0        0 0.000000000000 0.000000000000 
  -15         0        0 0.000000000000 0.000000000000 
  -14         0        0 0.000000000000 0.000000000000 
  -13         0        0 0.000000000000 0.000000000000 
  -12         0        0 0.000000000000 0.000000000000 
  -11         0        0 0.000000000000 0.000000000000 
  -10         0        0 0.000000000000 0.000000000000 
   -9         3        0 0.000037616140 0.000000000000 
   -8         5        0 0.000062693566 0.000000000000 
   -7        11        0 0.000137925846 0.000000000000 
   -6        32        0 0.000401238825 0.000000000000 
   -5        46        0 0.000576780811 0.000000000000 
   -4        78        0 0.000978019636 0.000000000000 
   -3       183        0 0.002294584530 0.000000000000 
   -2       504        0 0.006319511492 0.000000000000 
   -1      2408        0 0.030193221572 0.000000000000 
    0     73310    79753 0.919213070355 1.000000000000 
    1      2253        0 0.028249721014 0.000000000000 
    2       507        0 0.006357127632 0.000000000000 
    3       233        0 0.002921520194 0.000000000000 
    4        97        0 0.001216255188 0.000000000000 
    5        43        0 0.000539164671 0.000000000000 
    6        16        0 0.000200619412 0.000000000000 
    7        10        0 0.000125387133 0.000000000000 
    8        12        0 0.000150464559 0.000000000000 
    9         2        0 0.000025077427 0.000000000000 
   10         0        0 0.000000000000 0.000000000000 
   11         0        0 0.000000000000 0.000000000000 
   12         0        0 0.000000000000 0.000000000000 
   13         0        0 0.000000000000 0.000000000000 
   14         0        0 0.000000000000 0.000000000000 
   15         0        0 0.000000000000 0.000000000000 
   16         0        0 0.000000000000 0.000000000000 
   17         0        0 0.000000000000 0.000000000000 
   18         0        0 0.000000000000 0.000000000000 
   19         0        0 0.000000000000 0.000000000000 
   20         0        0 0.000000000000 0.000000000000 
   21         0        0 0.000000000000 0.000000000000 
   22         0        0 0.000000000000 0.000000000000 
   23         0        0 0.000000000000 0.000000000000 
   24         0        0 0.000000000000 0.000000000000 
   25         0        0 0.000000000000 0.000000000000 
   26         0        0 0.000000000000 0.000000000000 
   27         0        0 0.000000000000 0.000000000000 
   28         0        0 0.000000000000 0.000000000000 
   29         0        0 0.000000000000 0.000000000000 
   30         0        0 0.000000000000 0.000000000000 
   31         0        0 0.000000000000 0.000000000000 
   32         0        0 0.000000000000 0.000000000000 
   33         0        0 0.000000000000 0.000000000000 
   34         0        0 0.000000000000 0.000000000000 
   35         0        0 0.000000000000 0.000000000000 
   36         0        0 0.000000000000 0.000000000000 
   37         0        0 0.000000000000 0.000000000000 
   38         0        0 0.000000000000 0.000000000000 
   39         0        0 0.000000000000 0.000000000000 
   40         0        0 0.000000000000 0.000000000000 
   41         0        0 0.000000000000 0.000000000000 
   42         0        0 0.000000000000 0.000000000000 
   43         0        0 0.000000000000 0.000000000000 
   44         0        0 0.000000000000 0.000000000000 
   45         0        0 0.000000000000 0.000000000000 
   46         0        0 0.000000000000 0.000000000000 
   47         0        0 0.000000000000 0.000000000000 
   48         0        0 0.000000000000 0.000000000000 
   49         0        0 0.000000000000 0.000000000000 
   50         0        0 0.000000000000 0.000000000000 
   51         0        0 0.000000000000 0.000000000000 
   52         0        0 0.000000000000 0.000000000000 
   53         0        0 0.000000000000 0.000000000000 
   54         0        0 0.000000000000 0.000000000000 
   55         0        0 0.000000000000 0.000000000000 
   56         0        0 0.000000000000 0.000000000000 
   57         0        0 0.000000000000 0.000000000000 
   58         0        0 0.000000000000 0.000000000000 
   59         0        0 0.000000000000 0.000000000000 
   60         0        0 0.000000000000 0.000000000000 
   61         0        0 0.000000000000 0.000000000000 
   62         0        0 0.000000000000 0.000000000000 
   63         0        0 0.000000000000 0.000000000000 
   64         0        0 0.000000000000 0.000000000000 
   65         0        0 0.000000000000 0.000000000000 
   66         0        0 0.000000000000 0.000000000000 
   67         0        0 0.000000000000 0.000000000000 
   68         0        0 0.000000000000 0.000000000000 
   69         0        0 0.000000000000 0.000000000000 
   70         0        0 0.000000000000 0.000000000000 
   71         0        0 0.000000000000 0.000000000000 
   72         0        0 0.000000000000 0.000000000000 
   73         0        0 0.000000000000 0.000000000000 
   74         0        0 0.000000000000 0.000000000000 
   75         0        0 0.000000000000 0.000000000000 
   76         0        0 0.000000000000 0.000000000000 
   77         0        0 0.000000000000 0.000000000000 
   78         0        0 0.000000000000 0.000000000000 
   79         0        0 0.000000000000 0.000000000000 
   80         0        0 0.000000000000 0.000000000000 
   81         0        0 0.000000000000 0.000000000000 
   82         0        0 0.000000000000 0.000000000000 
   83         0        0 0.000000000000 0.000000000000 
   84         0        0 0.000000000000 0.000000000000 
   85         0        0 0.000000000000 0.000000000000 
   86         0        0 0.000000000000 0.000000000000 
   87         0        0 0.000000000000 0.000000000000 
   88         0        0 0.000000000000 0.000000000000 
   89         0        0 0.000000000000 0.000000000000 
   90         0        0 0.000000000000 0.000000000000 
   91         0        0 0.000000000000 0.000000000000 
   92         0        0 0.000000000000 0.000000000000 
   93         0        0 0.000000000000 0.000000000000 
   94         0        0 0.000000000000 0.000000000000 
   95         0        0 0.000000000000 0.000000000000 
   96         0        0 0.000000000000 0.000000000000 
   97         0        0 0.000000000000 0.000000000000 
   98         0        0 0.000000000000 0.000000000000 
   99         0        0 0.000000000000 0.000000000000 
  100         0        0 0.000000000000 0.000000000000 
Various statistics on the whole empirical distribution (non-central moments)
mean =   0.00007523   0.00000000 
non-central sigma≤  =   0.27239101   0.00000000 
non-central kurtosis=  59.53128219   0.00000000 
non-central skewness=   0.05137175   0.00000000 
Various statistics on the semi empirical distribution (one side, axial dispersal, central moments)
mean axial dispersal =   0.12152521   0.00000000 
central/axial sigma≤  =   0.25762263   0.00000000 
central/axial kurtosis=  60.25961080   0.00000000 
central/axial skewness=   3.33844233   0.00000000