  -10         0        0 0.000000000000 0.000000000000 
   -9         0        0 0.000000000000 0.000000000000 
   -8         0        0 0.000000000000 0.000000000000 
   -7         0        0 0.000000000000 0.000000000000 
   -6         0        0 0.000000000000 0.000000000000 
   -5         0        0 0.000000000000 0.000000000000 
   -4         0        0 0.000000000000 0.000000000000 
   -3         0        0 0.000000000000 0.000000000000 
   -2         0        0 0.000000000000 0.000000000000 
   -1       620        0 0.000044052441 0.000000000000 
    0  14072921 14074135 0.999913742479 1.000000000000 
    1       594        0 0.000042205080 0.000000000000 
    2         0        0 0.000000000000 0.000000000000 
    3         0        0 0.000000000000 0.000000000000 
    4         0        0 0.000000000000 0.000000000000 
    5         0        0 0.000000000000 0.000000000000 
    6         0        0 0.000000000000 0.000000000000 
    7         0        0 0.000000000000 0.000000000000 
    8         0        0 0.000000000000 0.000000000000 
    9         0        0 0.000000000000 0.000000000000 
   10         0        0 0.000000000000 0.000000000000 
Various statistics on the whole empirical distribution (non-central moments)
mean =  -0.00000185   0.00000000 
non-central sigma≤  =   0.00008626   0.00000000 
non-central kurtosis= 11590.19192751   0.00000000 
non-central skewness=  -0.02141680   0.00000000 
Various statistics on the semi empirical distribution (one side, axial dispersal, central moments)
mean axial dispersal =   0.00008626   0.00000000 
central/axial sigma≤  =   0.00008625   0.00000000 
central/axial kurtosis= 11588.19201378   0.00000000 
central/axial skewness=   0.99982748   0.00000000