  -10         0        0 0.000000000000 0.000000000000 
   -9         0        0 0.000000000000 0.000000000000 
   -8         0        0 0.000000000000 0.000000000000 
   -7         0        0 0.000000000000 0.000000000000 
   -6         0        0 0.000000000000 0.000000000000 
   -5         0        0 0.000000000000 0.000000000000 
   -4         0        0 0.000000000000 0.000000000000 
   -3         0        0 0.000000000000 0.000000000000 
   -2         0        0 0.000000000000 0.000000000000 
   -1       822        0 0.000048376891 0.000000000000 
    0  16989958 16991584 0.999904305567 1.000000000000 
    1       804        0 0.000047317543 0.000000000000 
    2         0        0 0.000000000000 0.000000000000 
    3         0        0 0.000000000000 0.000000000000 
    4         0        0 0.000000000000 0.000000000000 
    5         0        0 0.000000000000 0.000000000000 
    6         0        0 0.000000000000 0.000000000000 
    7         0        0 0.000000000000 0.000000000000 
    8         0        0 0.000000000000 0.000000000000 
    9         0        0 0.000000000000 0.000000000000 
   10         0        0 0.000000000000 0.000000000000 
Various statistics on the whole empirical distribution (non-central moments)
mean =  -0.00000106   0.00000000 
non-central sigma≤  =   0.00009569   0.00000000 
non-central kurtosis= 10446.92865929   0.00000000 
non-central skewness=  -0.01107011   0.00000000 
Various statistics on the semi empirical distribution (one side, axial dispersal, central moments)
mean axial dispersal =   0.00009569   0.00000000 
central/axial sigma≤  =   0.00009569   0.00000000 
central/axial kurtosis= 10444.92875499   0.00000000 
central/axial skewness=   0.99980861   0.00000000