#     Qr( 0)     meanQr( 0)     Qr( 1)     meanQr( 1)     Qr( 2)     meanQr( 2)     Qr( 3)     meanQr( 3)     Qr( 4)     meanQr( 4)     Qr( 5)     meanQr( 5)     Qr( 6)     meanQr( 6)     Qr( 7)     meanQr( 7)     Qr( 8)     meanQr( 8)     Qr( 9)     meanQr( 9)   
1 0.0452631579 0.0452631579 0.0230555556 0.0230555556 0.0078125000 0.0078125000 0.0003571429 0.0003571429 0.0000000000 0.0000000000 0.0000000000 0.0000000000 0.0000000000 0.0000000000 0.0000000000 0.0000000000 0.0000000000 0.0000000000 0.0000000000 0.0000000000 
2 0.0515789474 0.0484210526 0.0213888889 0.0222222222 0.0096875000 0.0087500000 0.0057142857 0.0030357143 0.0000000000 0.0000000000 0.0000000000 0.0000000000 0.0000000000 0.0000000000 0.0000000000 0.0000000000 0.0000000000 0.0000000000 0.0000000000 0.0000000000 
3 0.0389473684 0.0452631579 0.0125000000 0.0189814815 0.0053125000 0.0076041667 0.0028571429 0.0029761905 0.0008333333 0.0002777778 0.0000000000 0.0000000000 0.0000000000 0.0000000000 0.0000000000 0.0000000000 0.0000000000 0.0000000000 0.0000000000 0.0000000000 
4 0.0494736842 0.0463157895 0.0247222222 0.0204166667 0.0078125000 0.0076562500 0.0003571429 0.0023214286 0.0004166667 0.0003125000 0.0000000000 0.0000000000 0.0000000000 0.0000000000 0.0000000000 0.0000000000 0.0000000000 0.0000000000 0.0000000000 0.0000000000 
5 0.0400000000 0.0450526316 0.0169444444 0.0197222222 0.0112500000 0.0083750000 0.0035714286 0.0025714286 0.0033333333 0.0009166667 0.0020000000 0.0004000000 0.0000000000 0.0000000000 0.0000000000 0.0000000000 0.0000000000 0.0000000000 0.0000000000 0.0000000000 
6 0.0657894737 0.0485087719 0.0277777778 0.0210648148 0.0053125000 0.0078645833 0.0025000000 0.0025595238 0.0012500000 0.0009722222 0.0000000000 0.0003333333 0.0000000000 0.0000000000 0.0000000000 0.0000000000 0.0000000000 0.0000000000 0.0000000000 0.0000000000 
7 0.0457894737 0.0481203008 0.0191666667 0.0207936508 0.0075000000 0.0078125000 0.0050000000 0.0029081633 0.0058333333 0.0016666667 0.0010000000 0.0004285714 0.0000000000 0.0000000000 0.0000000000 0.0000000000 0.0000000000 0.0000000000 0.0000000000 0.0000000000 
8 0.0436842105 0.0475657895 0.0150000000 0.0200694444 0.0078125000 0.0078125000 0.0014285714 0.0027232143 0.0008333333 0.0015625000 0.0010000000 0.0005000000 0.0012500000 0.0001562500 0.0033333333 0.0004166667 0.0025000000 0.0003125000 0.0000000000 0.0000000000 
9 0.0400000000 0.0467251462 0.0188888889 0.0199382716 0.0059375000 0.0076041667 0.0025000000 0.0026984127 0.0000000000 0.0013888889 0.0000000000 0.0004444444 0.0000000000 0.0001388889 0.0000000000 0.0003703704 0.0000000000 0.0002777778 0.0000000000 0.0000000000 
10 0.0368421053 0.0457368421 0.0150000000 0.0194444444 0.0050000000 0.0073437500 0.0003571429 0.0024642857 0.0008333333 0.0013333333 0.0000000000 0.0004000000 0.0000000000 0.0001250000 0.0000000000 0.0003333333 0.0000000000 0.0002500000 0.0000000000 0.0000000000 
11 0.0505263158 0.0461722488 0.0163888889 0.0191666667 0.0056250000 0.0071875000 0.0032142857 0.0025324675 0.0000000000 0.0012121212 0.0000000000 0.0003636364 0.0000000000 0.0001136364 0.0000000000 0.0003030303 0.0000000000 0.0002272727 0.0000000000 0.0000000000 
12 0.0431578947 0.0459210526 0.0108333333 0.0184722222 0.0071875000 0.0071875000 0.0025000000 0.0025297619 0.0000000000 0.0011111111 0.0000000000 0.0003333333 0.0000000000 0.0001041667 0.0000000000 0.0002777778 0.0000000000 0.0002083333 0.0000000000 0.0000000000 
13 0.0552631579 0.0466396761 0.0125000000 0.0180128205 0.0071875000 0.0071875000 0.0053571429 0.0027472527 0.0033333333 0.0012820513 0.0000000000 0.0003076923 0.0018750000 0.0002403846 0.0016666667 0.0003846154 0.0000000000 0.0001923077 0.0000000000 0.0000000000 
14 0.0426315789 0.0463533835 0.0166666667 0.0179166667 0.0028125000 0.0068750000 0.0014285714 0.0026530612 0.0004166667 0.0012202381 0.0000000000 0.0002857143 0.0000000000 0.0002232143 0.0000000000 0.0003571429 0.0000000000 0.0001785714 0.0000000000 0.0000000000 
15 0.0452631579 0.0462807018 0.0180555556 0.0179259259 0.0068750000 0.0068750000 0.0039285714 0.0027380952 0.0016666667 0.0012500000 0.0000000000 0.0002666667 0.0000000000 0.0002083333 0.0000000000 0.0003333333 0.0000000000 0.0001666667 0.0000000000 0.0000000000 
16 0.0394736842 0.0458552632 0.0152777778 0.0177604167 0.0025000000 0.0066015625 0.0010714286 0.0026339286 0.0008333333 0.0012239583 0.0000000000 0.0002500000 0.0000000000 0.0001953125 0.0000000000 0.0003125000 0.0000000000 0.0001562500 0.0000000000 0.0000000000 
17 0.0457894737 0.0458513932 0.0183333333 0.0177941176 0.0062500000 0.0065808824 0.0025000000 0.0026260504 0.0000000000 0.0011519608 0.0000000000 0.0002352941 0.0000000000 0.0001838235 0.0000000000 0.0002941176 0.0000000000 0.0001470588 0.0000000000 0.0000000000 
18 0.0589473684 0.0465789474 0.0144444444 0.0176080247 0.0050000000 0.0064930556 0.0014285714 0.0025595238 0.0020833333 0.0012037037 0.0010000000 0.0002777778 0.0006250000 0.0002083333 0.0016666667 0.0003703704 0.0012500000 0.0002083333 0.0000000000 0.0000000000 
19 0.0378947368 0.0461218837 0.0163888889 0.0175438596 0.0050000000 0.0064144737 0.0017857143 0.0025187970 0.0000000000 0.0011403509 0.0000000000 0.0002631579 0.0000000000 0.0001973684 0.0000000000 0.0003508772 0.0000000000 0.0001973684 0.0000000000 0.0000000000 
20 0.0452631579 0.0460789474 0.0141666667 0.0173750000 0.0062500000 0.0064062500 0.0035714286 0.0025714286 0.0008333333 0.0011250000 0.0000000000 0.0002500000 0.0000000000 0.0001875000 0.0000000000 0.0003333333 0.0000000000 0.0001875000 0.0000000000 0.0000000000 
21 0.0510526316 0.0463157895 0.0161111111 0.0173148148 0.0053125000 0.0063541667 0.0053571429 0.0027040816 0.0037500000 0.0012500000 0.0030000000 0.0003809524 0.0000000000 0.0001785714 0.0000000000 0.0003174603 0.0000000000 0.0001785714 0.0000000000 0.0000000000 
22 0.0610526316 0.0469856459 0.0188888889 0.0173863636 0.0078125000 0.0064204545 0.0014285714 0.0026461039 0.0004166667 0.0012121212 0.0000000000 0.0003636364 0.0000000000 0.0001704545 0.0000000000 0.0003030303 0.0000000000 0.0001704545 0.0000000000 0.0000000000 
23 0.0342105263 0.0464302059 0.0163888889 0.0173429952 0.0025000000 0.0062500000 0.0003571429 0.0025465839 0.0004166667 0.0011775362 0.0000000000 0.0003478261 0.0000000000 0.0001630435 0.0000000000 0.0002898551 0.0000000000 0.0001630435 0.0000000000 0.0000000000 
24 0.0394736842 0.0461403509 0.0105555556 0.0170601852 0.0040625000 0.0061588542 0.0021428571 0.0025297619 0.0000000000 0.0011284722 0.0000000000 0.0003333333 0.0000000000 0.0001562500 0.0000000000 0.0002777778 0.0000000000 0.0001562500 0.0000000000 0.0000000000 
25 0.0526315789 0.0464000000 0.0233333333 0.0173111111 0.0081250000 0.0062375000 0.0003571429 0.0024428571 0.0004166667 0.0011000000 0.0000000000 0.0003200000 0.0000000000 0.0001500000 0.0000000000 0.0002666667 0.0025000000 0.0002500000 0.0000000000 0.0000000000 
26 0.0421052632 0.0462348178 0.0186111111 0.0173611111 0.0078125000 0.0062980769 0.0039285714 0.0025000000 0.0091666667 0.0014102564 0.0060000000 0.0005384615 0.0012500000 0.0001923077 0.0000000000 0.0002564103 0.0000000000 0.0002403846 0.0000000000 0.0000000000 
27 0.0615789474 0.0468031189 0.0188888889 0.0174176955 0.0075000000 0.0063425926 0.0035714286 0.0025396825 0.0012500000 0.0014043210 0.0010000000 0.0005555556 0.0006250000 0.0002083333 0.0000000000 0.0002469136 0.0000000000 0.0002314815 0.0000000000 0.0000000000 
28 0.0436842105 0.0466917293 0.0191666667 0.0174801587 0.0112500000 0.0065178571 0.0014285714 0.0025000000 0.0004166667 0.0013690476 0.0010000000 0.0005714286 0.0000000000 0.0002008929 0.0000000000 0.0002380952 0.0000000000 0.0002232143 0.0000000000 0.0000000000 
29 0.0394736842 0.0464428312 0.0272222222 0.0178160920 0.0112500000 0.0066810345 0.0057142857 0.0026108374 0.0020833333 0.0013936782 0.0010000000 0.0005862069 0.0000000000 0.0001939655 0.0000000000 0.0002298851 0.0000000000 0.0002155172 0.0000000000 0.0000000000 
30 0.0610526316 0.0469298246 0.0252777778 0.0180648148 0.0053125000 0.0066354167 0.0046428571 0.0026785714 0.0025000000 0.0014305556 0.0000000000 0.0005666667 0.0000000000 0.0001875000 0.0000000000 0.0002222222 0.0000000000 0.0002083333 0.0000000000 0.0000000000 
31 0.0347368421 0.0465365025 0.0169444444 0.0180286738 0.0090625000 0.0067137097 0.0014285714 0.0026382488 0.0004166667 0.0013978495 0.0000000000 0.0005483871 0.0000000000 0.0001814516 0.0000000000 0.0002150538 0.0000000000 0.0002016129 0.0000000000 0.0000000000 
32 0.0431578947 0.0464309211 0.0166666667 0.0179861111 0.0068750000 0.0067187500 0.0021428571 0.0026227679 0.0004166667 0.0013671875 0.0005000000 0.0005468750 0.0012500000 0.0002148438 0.0000000000 0.0002083333 0.0000000000 0.0001953125 0.0000000000 0.0000000000 
33 0.0452631579 0.0463955343 0.0233333333 0.0181481481 0.0065625000 0.0067140152 0.0000000000 0.0025432900 0.0004166667 0.0013383838 0.0000000000 0.0005303030 0.0000000000 0.0002083333 0.0000000000 0.0002020202 0.0000000000 0.0001893939 0.0000000000 0.0000000000 
34 0.0405263158 0.0462229102 0.0208333333 0.0182271242 0.0065625000 0.0067095588 0.0025000000 0.0025420168 0.0000000000 0.0012990196 0.0000000000 0.0005147059 0.0000000000 0.0002022059 0.0000000000 0.0001960784 0.0000000000 0.0001838235 0.0000000000 0.0000000000 
35 0.0547368421 0.0464661654 0.0280555556 0.0185079365 0.0209375000 0.0071160714 0.0050000000 0.0026122449 0.0000000000 0.0012619048 0.0000000000 0.0005000000 0.0000000000 0.0001964286 0.0000000000 0.0001904762 0.0000000000 0.0001785714 0.0000000000 0.0000000000 
36 0.0415789474 0.0463304094 0.0136111111 0.0183719136 0.0037500000 0.0070225694 0.0014285714 0.0025793651 0.0008333333 0.0012500000 0.0005000000 0.0005000000 0.0000000000 0.0001909722 0.0000000000 0.0001851852 0.0000000000 0.0001736111 0.0000000000 0.0000000000 
37 0.0500000000 0.0464295875 0.0186111111 0.0183783784 0.0050000000 0.0069679054 0.0007142857 0.0025289575 0.0000000000 0.0012162162 0.0000000000 0.0004864865 0.0000000000 0.0001858108 0.0000000000 0.0001801802 0.0000000000 0.0001689189 0.0000000000 0.0000000000 
38 0.0615789474 0.0468282548 0.0236111111 0.0185160819 0.0065625000 0.0069572368 0.0035714286 0.0025563910 0.0033333333 0.0012719298 0.0005000000 0.0004868421 0.0000000000 0.0001809211 0.0000000000 0.0001754386 0.0000000000 0.0001644737 0.0000000000 0.0000000000 
39 0.0584210526 0.0471255061 0.0194444444 0.0185398860 0.0115625000 0.0070753205 0.0007142857 0.0025091575 0.0016666667 0.0012820513 0.0000000000 0.0004743590 0.0000000000 0.0001762821 0.0000000000 0.0001709402 0.0000000000 0.0001602564 0.0000000000 0.0000000000 
40 0.0368421053 0.0468684211 0.0163888889 0.0184861111 0.0046875000 0.0070156250 0.0057142857 0.0025892857 0.0008333333 0.0012708333 0.0000000000 0.0004625000 0.0000000000 0.0001718750 0.0000000000 0.0001666667 0.0000000000 0.0001562500 0.0000000000 0.0000000000 
41 0.0378947368 0.0466495507 0.0166666667 0.0184417344 0.0081250000 0.0070426829 0.0021428571 0.0025783972 0.0008333333 0.0012601626 0.0000000000 0.0004512195 0.0000000000 0.0001676829 0.0000000000 0.0001626016 0.0000000000 0.0001524390 0.0000000000 0.0000000000 
42 0.0368421053 0.0464160401 0.0216666667 0.0185185185 0.0043750000 0.0069791667 0.0028571429 0.0025850340 0.0020833333 0.0012797619 0.0010000000 0.0004642857 0.0000000000 0.0001636905 0.0000000000 0.0001587302 0.0000000000 0.0001488095 0.0000000000 0.0000000000 
43 0.0557894737 0.0466340269 0.0233333333 0.0186304910 0.0103125000 0.0070566860 0.0035714286 0.0026079734 0.0012500000 0.0012790698 0.0005000000 0.0004651163 0.0000000000 0.0001598837 0.0000000000 0.0001550388 0.0000000000 0.0001453488 0.0000000000 0.0000000000 
44 0.0536842105 0.0467942584 0.0161111111 0.0185732323 0.0068750000 0.0070525568 0.0017857143 0.0025892857 0.0012500000 0.0012784091 0.0005000000 0.0004659091 0.0000000000 0.0001562500 0.0000000000 0.0001515152 0.0000000000 0.0001420455 0.0000000000 0.0000000000 
45 0.0531578947 0.0469356725 0.0194444444 0.0185925926 0.0059375000 0.0070277778 0.0021428571 0.0025793651 0.0000000000 0.0012500000 0.0015000000 0.0004888889 0.0012500000 0.0001805556 0.0000000000 0.0001481481 0.0000000000 0.0001388889 0.0000000000 0.0000000000 
46 0.0463157895 0.0469221968 0.0244444444 0.0187198068 0.0087500000 0.0070652174 0.0025000000 0.0025776398 0.0000000000 0.0012228261 0.0000000000 0.0004782609 0.0000000000 0.0001766304 0.0008333333 0.0001630435 0.0012500000 0.0001630435 0.0000000000 0.0000000000 
47 0.0484210526 0.0469540873 0.0127777778 0.0185933806 0.0059375000 0.0070412234 0.0010714286 0.0025455927 0.0000000000 0.0011968085 0.0000000000 0.0004680851 0.0000000000 0.0001728723 0.0000000000 0.0001595745 0.0000000000 0.0001595745 0.0000000000 0.0000000000 
48 0.0615789474 0.0472587719 0.0244444444 0.0187152778 0.0078125000 0.0070572917 0.0039285714 0.0025744048 0.0004166667 0.0011805556 0.0000000000 0.0004583333 0.0000000000 0.0001692708 0.0000000000 0.0001562500 0.0000000000 0.0001562500 0.0000000000 0.0000000000 
49 0.0368421053 0.0470461869 0.0194444444 0.0187301587 0.0071875000 0.0070599490 0.0021428571 0.0025655977 0.0008333333 0.0011734694 0.0000000000 0.0004489796 0.0000000000 0.0001658163 0.0000000000 0.0001530612 0.0000000000 0.0001530612 0.0000000000 0.0000000000 
50 0.0494736842 0.0470947368 0.0172222222 0.0187000000 0.0037500000 0.0069937500 0.0053571429 0.0026214286 0.0037500000 0.0012250000 0.0000000000 0.0004400000 0.0000000000 0.0001625000 0.0000000000 0.0001500000 0.0000000000 0.0001500000 0.0000000000 0.0000000000 
51 0.0552631579 0.0472549020 0.0150000000 0.0186274510 0.0050000000 0.0069546569 0.0025000000 0.0026190476 0.0000000000 0.0012009804 0.0000000000 0.0004313725 0.0000000000 0.0001593137 0.0000000000 0.0001470588 0.0000000000 0.0001470588 0.0000000000 0.0000000000 
52 0.0552631579 0.0474089069 0.0161111111 0.0185790598 0.0062500000 0.0069411058 0.0007142857 0.0025824176 0.0000000000 0.0011778846 0.0000000000 0.0004230769 0.0000000000 0.0001562500 0.0000000000 0.0001442308 0.0000000000 0.0001442308 0.0000000000 0.0000000000 
53 0.0447368421 0.0473584906 0.0175000000 0.0185587002 0.0065625000 0.0069339623 0.0050000000 0.0026280323 0.0025000000 0.0012028302 0.0015000000 0.0004433962 0.0000000000 0.0001533019 0.0000000000 0.0001415094 0.0000000000 0.0001415094 0.0000000000 0.0000000000 
54 0.0547368421 0.0474951267 0.0166666667 0.0185236626 0.0043750000 0.0068865741 0.0064285714 0.0026984127 0.0025000000 0.0012268519 0.0000000000 0.0004351852 0.0000000000 0.0001504630 0.0000000000 0.0001388889 0.0000000000 0.0001388889 0.0000000000 0.0000000000 
55 0.0526315789 0.0475885167 0.0186111111 0.0185252525 0.0084375000 0.0069147727 0.0003571429 0.0026558442 0.0000000000 0.0012045455 0.0000000000 0.0004272727 0.0000000000 0.0001477273 0.0000000000 0.0001363636 0.0000000000 0.0001363636 0.0000000000 0.0000000000 
56 0.0426315789 0.0475000000 0.0233333333 0.0186111111 0.0084375000 0.0069419643 0.0032142857 0.0026658163 0.0000000000 0.0011830357 0.0000000000 0.0004196429 0.0000000000 0.0001450893 0.0000000000 0.0001339286 0.0000000000 0.0001339286 0.0000000000 0.0000000000 
57 0.0389473684 0.0473499538 0.0163888889 0.0185721248 0.0050000000 0.0069078947 0.0010714286 0.0026378446 0.0008333333 0.0011769006 0.0015000000 0.0004385965 0.0000000000 0.0001425439 0.0000000000 0.0001315789 0.0000000000 0.0001315789 0.0000000000 0.0000000000 
58 0.0457894737 0.0473230490 0.0194444444 0.0185871648 0.0081250000 0.0069288793 0.0064285714 0.0027032020 0.0008333333 0.0011709770 0.0000000000 0.0004310345 0.0000000000 0.0001400862 0.0000000000 0.0001293103 0.0000000000 0.0001293103 0.0000000000 0.0000000000 
59 0.0368421053 0.0471454059 0.0125000000 0.0184839925 0.0059375000 0.0069120763 0.0014285714 0.0026815981 0.0000000000 0.0011511299 0.0000000000 0.0004237288 0.0000000000 0.0001377119 0.0000000000 0.0001271186 0.0000000000 0.0001271186 0.0000000000 0.0000000000 
60 0.0452631579 0.0471140351 0.0236111111 0.0185694444 0.0053125000 0.0068854167 0.0003571429 0.0026428571 0.0000000000 0.0011319444 0.0000000000 0.0004166667 0.0000000000 0.0001354167 0.0000000000 0.0001250000 0.0000000000 0.0001250000 0.0000000000 0.0000000000 
61 0.0600000000 0.0473252804 0.0208333333 0.0186065574 0.0096875000 0.0069313525 0.0025000000 0.0026405152 0.0008333333 0.0011270492 0.0000000000 0.0004098361 0.0000000000 0.0001331967 0.0000000000 0.0001229508 0.0000000000 0.0001229508 0.0000000000 0.0000000000 
62 0.0357894737 0.0471392190 0.0177777778 0.0185931900 0.0040625000 0.0068850806 0.0025000000 0.0026382488 0.0016666667 0.0011357527 0.0000000000 0.0004032258 0.0000000000 0.0001310484 0.0000000000 0.0001209677 0.0000000000 0.0001209677 0.0000000000 0.0000000000 
63 0.0515789474 0.0472096909 0.0133333333 0.0185097002 0.0075000000 0.0068948413 0.0003571429 0.0026020408 0.0004166667 0.0011243386 0.0000000000 0.0003968254 0.0000000000 0.0001289683 0.0000000000 0.0001190476 0.0000000000 0.0001190476 0.0000000000 0.0000000000 
64 0.0547368421 0.0473273026 0.0127777778 0.0184201389 0.0034375000 0.0068408203 0.0017857143 0.0025892857 0.0025000000 0.0011458333 0.0020000000 0.0004218750 0.0000000000 0.0001269531 0.0000000000 0.0001171875 0.0000000000 0.0001171875 0.0000000000 0.0000000000 
65 0.0363157895 0.0471578947 0.0163888889 0.0183888889 0.0053125000 0.0068173077 0.0050000000 0.0026263736 0.0004166667 0.0011346154 0.0005000000 0.0004230769 0.0006250000 0.0001346154 0.0000000000 0.0001153846 0.0000000000 0.0001153846 0.0000000000 0.0000000000 
66 0.0457894737 0.0471371611 0.0116666667 0.0182870370 0.0078125000 0.0068323864 0.0032142857 0.0026352814 0.0008333333 0.0011300505 0.0000000000 0.0004166667 0.0000000000 0.0001325758 0.0000000000 0.0001136364 0.0000000000 0.0001136364 0.0000000000 0.0000000000 
67 0.0552631579 0.0472584446 0.0244444444 0.0183789386 0.0056250000 0.0068143657 0.0053571429 0.0026759062 0.0000000000 0.0011131841 0.0000000000 0.0004104478 0.0000000000 0.0001305970 0.0000000000 0.0001119403 0.0000000000 0.0001119403 0.0000000000 0.0000000000 
68 0.0478947368 0.0472678019 0.0230555556 0.0184477124 0.0118750000 0.0068887868 0.0042857143 0.0026995798 0.0041666667 0.0011580882 0.0015000000 0.0004264706 0.0000000000 0.0001286765 0.0000000000 0.0001102941 0.0000000000 0.0001102941 0.0000000000 0.0000000000 
69 0.0363157895 0.0471090770 0.0172222222 0.0184299517 0.0140625000 0.0069927536 0.0100000000 0.0028053830 0.0016666667 0.0011654589 0.0010000000 0.0004347826 0.0000000000 0.0001268116 0.0000000000 0.0001086957 0.0000000000 0.0001086957 0.0000000000 0.0000000000 
70 0.0542105263 0.0472105263 0.0113888889 0.0183293651 0.0040625000 0.0069508929 0.0007142857 0.0027755102 0.0000000000 0.0011488095 0.0000000000 0.0004285714 0.0006250000 0.0001339286 0.0000000000 0.0001071429 0.0000000000 0.0001071429 0.0000000000 0.0000000000 
71 0.0526315789 0.0472868792 0.0180555556 0.0183255086 0.0090625000 0.0069806338 0.0067857143 0.0028319920 0.0000000000 0.0011326291 0.0000000000 0.0004225352 0.0000000000 0.0001320423 0.0000000000 0.0001056338 0.0000000000 0.0001056338 0.0000000000 0.0000000000 
72 0.0605263158 0.0474707602 0.0083333333 0.0181867284 0.0006250000 0.0068923611 0.0000000000 0.0027926587 0.0000000000 0.0011168981 0.0000000000 0.0004166667 0.0000000000 0.0001302083 0.0000000000 0.0001041667 0.0000000000 0.0001041667 0.0000000000 0.0000000000 
73 0.0510526316 0.0475198270 0.0180555556 0.0181849315 0.0078125000 0.0069049658 0.0050000000 0.0028228963 0.0070833333 0.0011986301 0.0040000000 0.0004657534 0.0025000000 0.0001626712 0.0000000000 0.0001027397 0.0000000000 0.0001027397 0.0000000000 0.0000000000 
74 0.0531578947 0.0475960171 0.0250000000 0.0182770270 0.0103125000 0.0069510135 0.0032142857 0.0028281853 0.0016666667 0.0012049550 0.0000000000 0.0004594595 0.0000000000 0.0001604730 0.0000000000 0.0001013514 0.0000000000 0.0001013514 0.0000000000 0.0000000000 
75 0.0363157895 0.0474456140 0.0133333333 0.0182111111 0.0068750000 0.0069500000 0.0082142857 0.0029000000 0.0000000000 0.0011888889 0.0000000000 0.0004533333 0.0000000000 0.0001583333 0.0000000000 0.0001000000 0.0000000000 0.0001000000 0.0000000000 0.0000000000 
76 0.0431578947 0.0473891967 0.0119444444 0.0181286550 0.0062500000 0.0069407895 0.0010714286 0.0028759398 0.0016666667 0.0011951754 0.0000000000 0.0004473684 0.0000000000 0.0001562500 0.0000000000 0.0000986842 0.0000000000 0.0000986842 0.0000000000 0.0000000000 
77 0.0400000000 0.0472932331 0.0161111111 0.0181024531 0.0037500000 0.0068993506 0.0014285714 0.0028571429 0.0000000000 0.0011796537 0.0000000000 0.0004415584 0.0000000000 0.0001542208 0.0000000000 0.0000974026 0.0000000000 0.0000974026 0.0000000000 0.0000000000 
78 0.0500000000 0.0473279352 0.0163888889 0.0180804843 0.0037500000 0.0068589744 0.0017857143 0.0028434066 0.0008333333 0.0011752137 0.0000000000 0.0004358974 0.0000000000 0.0001522436 0.0000000000 0.0000961538 0.0000000000 0.0000961538 0.0000000000 0.0000000000 
79 0.0463157895 0.0473151233 0.0236111111 0.0181504923 0.0084375000 0.0068789557 0.0025000000 0.0028390597 0.0008333333 0.0011708861 0.0000000000 0.0004303797 0.0000000000 0.0001503165 0.0000000000 0.0000949367 0.0000000000 0.0000949367 0.0000000000 0.0000000000 
80 0.0615789474 0.0474934211 0.0102777778 0.0180520833 0.0056250000 0.0068632813 0.0042857143 0.0028571429 0.0004166667 0.0011614583 0.0000000000 0.0004250000 0.0000000000 0.0001484375 0.0000000000 0.0000937500 0.0000000000 0.0000937500 0.0000000000 0.0000000000 
81 0.0515789474 0.0475438596 0.0175000000 0.0180452675 0.0068750000 0.0068634259 0.0003571429 0.0028262787 0.0008333333 0.0011574074 0.0000000000 0.0004197531 0.0000000000 0.0001466049 0.0000000000 0.0000925926 0.0000000000 0.0000925926 0.0000000000 0.0000000000 
82 0.0442105263 0.0475032092 0.0155555556 0.0180149051 0.0056250000 0.0068483232 0.0010714286 0.0028048780 0.0000000000 0.0011432927 0.0000000000 0.0004146341 0.0000000000 0.0001448171 0.0000000000 0.0000914634 0.0000000000 0.0000914634 0.0000000000 0.0000000000 
83 0.0368421053 0.0473747622 0.0108333333 0.0179283802 0.0034375000 0.0068072289 0.0010714286 0.0027839931 0.0008333333 0.0011395582 0.0020000000 0.0004337349 0.0012500000 0.0001581325 0.0000000000 0.0000903614 0.0000000000 0.0000903614 0.0000000000 0.0000000000 
84 0.0384210526 0.0472681704 0.0138888889 0.0178802910 0.0056250000 0.0067931548 0.0028571429 0.0027848639 0.0004166667 0.0011309524 0.0000000000 0.0004285714 0.0000000000 0.0001562500 0.0000000000 0.0000892857 0.0000000000 0.0000892857 0.0000000000 0.0000000000 
85 0.0484210526 0.0472817337 0.0147222222 0.0178431373 0.0046875000 0.0067683824 0.0032142857 0.0027899160 0.0012500000 0.0011323529 0.0005000000 0.0004294118 0.0000000000 0.0001544118 0.0000000000 0.0000882353 0.0000000000 0.0000882353 0.0000000000 0.0000000000 
86 0.0342105263 0.0471297430 0.0186111111 0.0178520672 0.0053125000 0.0067514535 0.0028571429 0.0027906977 0.0012500000 0.0011337209 0.0000000000 0.0004244186 0.0000000000 0.0001526163 0.0000000000 0.0000872093 0.0000000000 0.0000872093 0.0000000000 0.0000000000 
87 0.0442105263 0.0470961887 0.0216666667 0.0178959132 0.0059375000 0.0067420977 0.0025000000 0.0027873563 0.0008333333 0.0011302682 0.0005000000 0.0004252874 0.0000000000 0.0001508621 0.0000000000 0.0000862069 0.0000000000 0.0000862069 0.0000000000 0.0000000000 
88 0.0494736842 0.0471232057 0.0188888889 0.0179071970 0.0037500000 0.0067080966 0.0003571429 0.0027597403 0.0000000000 0.0011174242 0.0000000000 0.0004204545 0.0000000000 0.0001491477 0.0000000000 0.0000852273 0.0000000000 0.0000852273 0.0000000000 0.0000000000 
89 0.0321052632 0.0469544648 0.0130555556 0.0178526841 0.0059375000 0.0066994382 0.0007142857 0.0027367576 0.0000000000 0.0011048689 0.0000000000 0.0004157303 0.0000000000 0.0001474719 0.0000000000 0.0000842697 0.0000000000 0.0000842697 0.0000000000 0.0000000000 
90 0.0431578947 0.0469122807 0.0175000000 0.0178487654 0.0075000000 0.0067083333 0.0035714286 0.0027460317 0.0004166667 0.0010972222 0.0005000000 0.0004166667 0.0000000000 0.0001458333 0.0000000000 0.0000833333 0.0000000000 0.0000833333 0.0000000000 0.0000000000 
91 0.0573684211 0.0470271833 0.0236111111 0.0179120879 0.0081250000 0.0067239011 0.0021428571 0.0027394035 0.0000000000 0.0010851648 0.0000000000 0.0004120879 0.0000000000 0.0001442308 0.0000000000 0.0000824176 0.0000000000 0.0000824176 0.0000000000 0.0000000000 
92 0.0573684211 0.0471395881 0.0197222222 0.0179317633 0.0121875000 0.0067832880 0.0014285714 0.0027251553 0.0029166667 0.0011050725 0.0000000000 0.0004076087 0.0000000000 0.0001426630 0.0000000000 0.0000815217 0.0000000000 0.0000815217 0.0000000000 0.0000000000 
93 0.0542105263 0.0472156197 0.0166666667 0.0179181601 0.0037500000 0.0067506720 0.0010714286 0.0027073733 0.0000000000 0.0010931900 0.0000000000 0.0004032258 0.0000000000 0.0001411290 0.0000000000 0.0000806452 0.0000000000 0.0000806452 0.0000000000 0.0000000000 
94 0.0463157895 0.0472060470 0.0191666667 0.0179314421 0.0093750000 0.0067785904 0.0025000000 0.0027051672 0.0016666667 0.0010992908 0.0020000000 0.0004202128 0.0012500000 0.0001529255 0.0000000000 0.0000797872 0.0000000000 0.0000797872 0.0000000000 0.0000000000 
95 0.0389473684 0.0471191136 0.0180555556 0.0179327485 0.0090625000 0.0068026316 0.0050000000 0.0027293233 0.0020833333 0.0011096491 0.0005000000 0.0004210526 0.0000000000 0.0001513158 0.0000000000 0.0000789474 0.0000000000 0.0000789474 0.0000000000 0.0000000000 
96 0.0357894737 0.0470010965 0.0180555556 0.0179340278 0.0078125000 0.0068131510 0.0053571429 0.0027566964 0.0012500000 0.0011111111 0.0010000000 0.0004270833 0.0006250000 0.0001562500 0.0000000000 0.0000781250 0.0000000000 0.0000781250 0.0000000000 0.0000000000 
97 0.0431578947 0.0469614759 0.0216666667 0.0179725086 0.0059375000 0.0068041237 0.0032142857 0.0027614138 0.0004166667 0.0011039519 0.0000000000 0.0004226804 0.0000000000 0.0001546392 0.0000000000 0.0000773196 0.0000000000 0.0000773196 0.0000000000 0.0000000000 
98 0.0442105263 0.0469334049 0.0161111111 0.0179535147 0.0078125000 0.0068144133 0.0017857143 0.0027514577 0.0004166667 0.0010969388 0.0000000000 0.0004183673 0.0000000000 0.0001530612 0.0000000000 0.0000765306 0.0000000000 0.0000765306 0.0000000000 0.0000000000 
99 0.0552631579 0.0470175439 0.0169444444 0.0179433221 0.0034375000 0.0067803030 0.0010714286 0.0027344877 0.0020833333 0.0011069024 0.0015000000 0.0004292929 0.0000000000 0.0001515152 0.0000000000 0.0000757576 0.0000000000 0.0000757576 0.0000000000 0.0000000000 
100 0.0426315789 0.0469736842 0.0175000000 0.0179388889 0.0071875000 0.0067843750 0.0039285714 0.0027464286 0.0033333333 0.0011291667 0.0015000000 0.0004400000 0.0000000000 0.0001500000 0.0000000000 0.0000750000 0.0000000000 0.0000750000 0.0000000000 0.0000000000 
