 -100         0        0 0.000000000000 0.000000000000 
  -99         0        0 0.000000000000 0.000000000000 
  -98         0        0 0.000000000000 0.000000000000 
  -97         0        0 0.000000000000 0.000000000000 
  -96         0        0 0.000000000000 0.000000000000 
  -95         0        0 0.000000000000 0.000000000000 
  -94         0        0 0.000000000000 0.000000000000 
  -93         0        0 0.000000000000 0.000000000000 
  -92         0        0 0.000000000000 0.000000000000 
  -91         0        0 0.000000000000 0.000000000000 
  -90         0        0 0.000000000000 0.000000000000 
  -89         0        0 0.000000000000 0.000000000000 
  -88         0        0 0.000000000000 0.000000000000 
  -87         0        0 0.000000000000 0.000000000000 
  -86         0        0 0.000000000000 0.000000000000 
  -85         0        0 0.000000000000 0.000000000000 
  -84         0        0 0.000000000000 0.000000000000 
  -83         0        0 0.000000000000 0.000000000000 
  -82         0        0 0.000000000000 0.000000000000 
  -81         0        0 0.000000000000 0.000000000000 
  -80         0        0 0.000000000000 0.000000000000 
  -79         0        0 0.000000000000 0.000000000000 
  -78         0        0 0.000000000000 0.000000000000 
  -77         0        0 0.000000000000 0.000000000000 
  -76         0        0 0.000000000000 0.000000000000 
  -75         0        0 0.000000000000 0.000000000000 
  -74         0        0 0.000000000000 0.000000000000 
  -73         0        0 0.000000000000 0.000000000000 
  -72         0        0 0.000000000000 0.000000000000 
  -71         0        0 0.000000000000 0.000000000000 
  -70         0        0 0.000000000000 0.000000000000 
  -69         0        0 0.000000000000 0.000000000000 
  -68         0        0 0.000000000000 0.000000000000 
  -67         0        0 0.000000000000 0.000000000000 
  -66         0        0 0.000000000000 0.000000000000 
  -65         0        0 0.000000000000 0.000000000000 
  -64         0        0 0.000000000000 0.000000000000 
  -63         0        0 0.000000000000 0.000000000000 
  -62         0        0 0.000000000000 0.000000000000 
  -61         0        0 0.000000000000 0.000000000000 
  -60         0        0 0.000000000000 0.000000000000 
  -59         0        0 0.000000000000 0.000000000000 
  -58         0        0 0.000000000000 0.000000000000 
  -57         0        0 0.000000000000 0.000000000000 
  -56         0        0 0.000000000000 0.000000000000 
  -55         0        0 0.000000000000 0.000000000000 
  -54         0        0 0.000000000000 0.000000000000 
  -53         0        0 0.000000000000 0.000000000000 
  -52         0        0 0.000000000000 0.000000000000 
  -51         0        0 0.000000000000 0.000000000000 
  -50         1        0 0.000000405766 0.000000000000 
  -49         0        0 0.000000000000 0.000000000000 
  -48         0        0 0.000000000000 0.000000000000 
  -47         1        0 0.000000405766 0.000000000000 
  -46         0        0 0.000000000000 0.000000000000 
  -45         0        0 0.000000000000 0.000000000000 
  -44         0        0 0.000000000000 0.000000000000 
  -43         0        0 0.000000000000 0.000000000000 
  -42         0        0 0.000000000000 0.000000000000 
  -41         0        0 0.000000000000 0.000000000000 
  -40         0        0 0.000000000000 0.000000000000 
  -39         0        0 0.000000000000 0.000000000000 
  -38         0        0 0.000000000000 0.000000000000 
  -37         0        0 0.000000000000 0.000000000000 
  -36         0        0 0.000000000000 0.000000000000 
  -35         0        0 0.000000000000 0.000000000000 
  -34         0        0 0.000000000000 0.000000000000 
  -33         0        0 0.000000000000 0.000000000000 
  -32         0        0 0.000000000000 0.000000000000 
  -31         0        0 0.000000000000 0.000000000000 
  -30         0        0 0.000000000000 0.000000000000 
  -29         0        0 0.000000000000 0.000000000000 
  -28         0        0 0.000000000000 0.000000000000 
  -27         0        0 0.000000000000 0.000000000000 
  -26         3        0 0.000001217299 0.000000000000 
  -25         3        0 0.000001217299 0.000000000000 
  -24         0        0 0.000000000000 0.000000000000 
  -23         1        0 0.000000405766 0.000000000000 
  -22         1        0 0.000000405766 0.000000000000 
  -21         0        0 0.000000000000 0.000000000000 
  -20         3        0 0.000001217299 0.000000000000 
  -19         2        0 0.000000811533 0.000000000000 
  -18         2        0 0.000000811533 0.000000000000 
  -17         2        0 0.000000811533 0.000000000000 
  -16         1        0 0.000000405766 0.000000000000 
  -15         5        0 0.000002028831 0.000000000000 
  -14         5        0 0.000002028831 0.000000000000 
  -13         5        0 0.000002028831 0.000000000000 
  -12         4        0 0.000001623065 0.000000000000 
  -11         3        0 0.000001217299 0.000000000000 
  -10         7        0 0.000002840364 0.000000000000 
   -9       538        0 0.000218302250 0.000000000000 
   -8      1316        0 0.000533988402 0.000000000000 
   -7      2589        0 0.001050528855 0.000000000000 
   -6      4522        0 0.001834875042 0.000000000000 
   -5      8432        0 0.003421421131 0.000000000000 
   -4     15808        0 0.006414353089 0.000000000000 
   -3     33105        0 0.013432892144 0.000000000000 
   -2     85347        0 0.034630933266 0.000000000000 
   -1    384362        0 0.155961132461 0.000000000000 
    0   1392892  2464473 0.565188581900 1.000000000000 
    1    383192        0 0.155486385933 0.000000000000 
    2     85134        0 0.034544505052 0.000000000000 
    3     33414        0 0.013558273919 0.000000000000 
    4     15991        0 0.006488608315 0.000000000000 
    5      8591        0 0.003485937967 0.000000000000 
    6      4696        0 0.001905478372 0.000000000000 
    7      2622        0 0.001063919142 0.000000000000 
    8      1310        0 0.000531553805 0.000000000000 
    9       509        0 0.000206535028 0.000000000000 
   10        11        0 0.000004463429 0.000000000000 
   11         5        0 0.000002028831 0.000000000000 
   12         6        0 0.000002434598 0.000000000000 
   13         8        0 0.000003246130 0.000000000000 
   14         2        0 0.000000811533 0.000000000000 
   15         0        0 0.000000000000 0.000000000000 
   16         2        0 0.000000811533 0.000000000000 
   17         0        0 0.000000000000 0.000000000000 
   18         1        0 0.000000405766 0.000000000000 
   19         2        0 0.000000811533 0.000000000000 
   20         1        0 0.000000405766 0.000000000000 
   21         0        0 0.000000000000 0.000000000000 
   22         1        0 0.000000405766 0.000000000000 
   23         2        0 0.000000811533 0.000000000000 
   24         0        0 0.000000000000 0.000000000000 
   25         0        0 0.000000000000 0.000000000000 
   26         3        0 0.000001217299 0.000000000000 
   27         0        0 0.000000000000 0.000000000000 
   28         1        0 0.000000405766 0.000000000000 
   29         1        0 0.000000405766 0.000000000000 
   30         0        0 0.000000000000 0.000000000000 
   31         1        0 0.000000405766 0.000000000000 
   32         0        0 0.000000000000 0.000000000000 
   33         0        0 0.000000000000 0.000000000000 
   34         0        0 0.000000000000 0.000000000000 
   35         3        0 0.000001217299 0.000000000000 
   36         0        0 0.000000000000 0.000000000000 
   37         0        0 0.000000000000 0.000000000000 
   38         0        0 0.000000000000 0.000000000000 
   39         0        0 0.000000000000 0.000000000000 
   40         0        0 0.000000000000 0.000000000000 
   41         0        0 0.000000000000 0.000000000000 
   42         0        0 0.000000000000 0.000000000000 
   43         1        0 0.000000405766 0.000000000000 
   44         0        0 0.000000000000 0.000000000000 
   45         0        0 0.000000000000 0.000000000000 
   46         0        0 0.000000000000 0.000000000000 
   47         0        0 0.000000000000 0.000000000000 
   48         0        0 0.000000000000 0.000000000000 
   49         0        0 0.000000000000 0.000000000000 
   50         0        0 0.000000000000 0.000000000000 
   51         1        0 0.000000405766 0.000000000000 
   52         0        0 0.000000000000 0.000000000000 
   53         0        0 0.000000000000 0.000000000000 
   54         0        0 0.000000000000 0.000000000000 
   55         0        0 0.000000000000 0.000000000000 
   56         0        0 0.000000000000 0.000000000000 
   57         0        0 0.000000000000 0.000000000000 
   58         0        0 0.000000000000 0.000000000000 
   59         0        0 0.000000000000 0.000000000000 
   60         0        0 0.000000000000 0.000000000000 
   61         1        0 0.000000405766 0.000000000000 
   62         1        0 0.000000405766 0.000000000000 
   63         0        0 0.000000000000 0.000000000000 
   64         0        0 0.000000000000 0.000000000000 
   65         0        0 0.000000000000 0.000000000000 
   66         0        0 0.000000000000 0.000000000000 
   67         0        0 0.000000000000 0.000000000000 
   68         0        0 0.000000000000 0.000000000000 
   69         0        0 0.000000000000 0.000000000000 
   70         0        0 0.000000000000 0.000000000000 
   71         0        0 0.000000000000 0.000000000000 
   72         0        0 0.000000000000 0.000000000000 
   73         0        0 0.000000000000 0.000000000000 
   74         0        0 0.000000000000 0.000000000000 
   75         0        0 0.000000000000 0.000000000000 
   76         0        0 0.000000000000 0.000000000000 
   77         0        0 0.000000000000 0.000000000000 
   78         0        0 0.000000000000 0.000000000000 
   79         0        0 0.000000000000 0.000000000000 
   80         0        0 0.000000000000 0.000000000000 
   81         0        0 0.000000000000 0.000000000000 
   82         0        0 0.000000000000 0.000000000000 
   83         0        0 0.000000000000 0.000000000000 
   84         0        0 0.000000000000 0.000000000000 
   85         0        0 0.000000000000 0.000000000000 
   86         0        0 0.000000000000 0.000000000000 
   87         0        0 0.000000000000 0.000000000000 
   88         0        0 0.000000000000 0.000000000000 
   89         0        0 0.000000000000 0.000000000000 
   90         0        0 0.000000000000 0.000000000000 
   91         0        0 0.000000000000 0.000000000000 
   92         0        0 0.000000000000 0.000000000000 
   93         0        0 0.000000000000 0.000000000000 
   94         0        0 0.000000000000 0.000000000000 
   95         0        0 0.000000000000 0.000000000000 
   96         0        0 0.000000000000 0.000000000000 
   97         0        0 0.000000000000 0.000000000000 
   98         0        0 0.000000000000 0.000000000000 
   99         0        0 0.000000000000 0.000000000000 
  100         0        0 0.000000000000 0.000000000000 
Various statistics on the whole empirical distribution (non-central moments)
mean =   0.00081843   0.00000000 
non-central sigma≤  =   1.56962604   0.00000000 
non-central kurtosis=  19.21577791   0.00000000 
non-central skewness=   0.16660518   0.00000000 
Various statistics on the semi empirical distribution (one side, axial dispersal, central moments)
mean axial dispersal =   0.66727166   0.00000000 
central/axial sigma≤  =   1.12437457   0.00000000 
central/axial kurtosis=  29.85599394   0.00000000 
central/axial skewness=   3.33030345   0.00000000