 -100         0        0 0.000000000000 0.000000000000 
  -99         0        0 0.000000000000 0.000000000000 
  -98         0        0 0.000000000000 0.000000000000 
  -97         0        0 0.000000000000 0.000000000000 
  -96         0        0 0.000000000000 0.000000000000 
  -95         0        0 0.000000000000 0.000000000000 
  -94         0        0 0.000000000000 0.000000000000 
  -93         0        0 0.000000000000 0.000000000000 
  -92         0        0 0.000000000000 0.000000000000 
  -91         0        0 0.000000000000 0.000000000000 
  -90         0        0 0.000000000000 0.000000000000 
  -89         0        0 0.000000000000 0.000000000000 
  -88         0        0 0.000000000000 0.000000000000 
  -87         0        0 0.000000000000 0.000000000000 
  -86         0        0 0.000000000000 0.000000000000 
  -85         0        0 0.000000000000 0.000000000000 
  -84         0        0 0.000000000000 0.000000000000 
  -83         0        0 0.000000000000 0.000000000000 
  -82         0        0 0.000000000000 0.000000000000 
  -81         0        0 0.000000000000 0.000000000000 
  -80         0        0 0.000000000000 0.000000000000 
  -79         0        0 0.000000000000 0.000000000000 
  -78         0        0 0.000000000000 0.000000000000 
  -77         0        0 0.000000000000 0.000000000000 
  -76         0        0 0.000000000000 0.000000000000 
  -75         0        0 0.000000000000 0.000000000000 
  -74         0        0 0.000000000000 0.000000000000 
  -73         0        0 0.000000000000 0.000000000000 
  -72         0        0 0.000000000000 0.000000000000 
  -71         0        0 0.000000000000 0.000000000000 
  -70         0        0 0.000000000000 0.000000000000 
  -69         0        0 0.000000000000 0.000000000000 
  -68         1        0 0.000000401639 0.000000000000 
  -67         0        0 0.000000000000 0.000000000000 
  -66         0        0 0.000000000000 0.000000000000 
  -65         0        0 0.000000000000 0.000000000000 
  -64         0        0 0.000000000000 0.000000000000 
  -63         0        0 0.000000000000 0.000000000000 
  -62         1        0 0.000000401639 0.000000000000 
  -61         0        0 0.000000000000 0.000000000000 
  -60         0        0 0.000000000000 0.000000000000 
  -59         0        0 0.000000000000 0.000000000000 
  -58         0        0 0.000000000000 0.000000000000 
  -57         0        0 0.000000000000 0.000000000000 
  -56         0        0 0.000000000000 0.000000000000 
  -55         1        0 0.000000401639 0.000000000000 
  -54         1        0 0.000000401639 0.000000000000 
  -53         0        0 0.000000000000 0.000000000000 
  -52         0        0 0.000000000000 0.000000000000 
  -51         0        0 0.000000000000 0.000000000000 
  -50         0        0 0.000000000000 0.000000000000 
  -49         0        0 0.000000000000 0.000000000000 
  -48         0        0 0.000000000000 0.000000000000 
  -47         1        0 0.000000401639 0.000000000000 
  -46         0        0 0.000000000000 0.000000000000 
  -45         0        0 0.000000000000 0.000000000000 
  -44         0        0 0.000000000000 0.000000000000 
  -43         1        0 0.000000401639 0.000000000000 
  -42         1        0 0.000000401639 0.000000000000 
  -41         0        0 0.000000000000 0.000000000000 
  -40         1        0 0.000000401639 0.000000000000 
  -39         1        0 0.000000401639 0.000000000000 
  -38         0        0 0.000000000000 0.000000000000 
  -37         1        0 0.000000401639 0.000000000000 
  -36         0        0 0.000000000000 0.000000000000 
  -35         0        0 0.000000000000 0.000000000000 
  -34         0        0 0.000000000000 0.000000000000 
  -33         1        0 0.000000401639 0.000000000000 
  -32         0        0 0.000000000000 0.000000000000 
  -31         0        0 0.000000000000 0.000000000000 
  -30         2        0 0.000000803277 0.000000000000 
  -29         3        0 0.000001204916 0.000000000000 
  -28         0        0 0.000000000000 0.000000000000 
  -27         1        0 0.000000401639 0.000000000000 
  -26         0        0 0.000000000000 0.000000000000 
  -25         3        0 0.000001204916 0.000000000000 
  -24         0        0 0.000000000000 0.000000000000 
  -23         1        0 0.000000401639 0.000000000000 
  -22         0        0 0.000000000000 0.000000000000 
  -21         2        0 0.000000803277 0.000000000000 
  -20         2        0 0.000000803277 0.000000000000 
  -19         1        0 0.000000401639 0.000000000000 
  -18         1        0 0.000000401639 0.000000000000 
  -17         1        0 0.000000401639 0.000000000000 
  -16         2        0 0.000000803277 0.000000000000 
  -15         2        0 0.000000803277 0.000000000000 
  -14         6        0 0.000002409831 0.000000000000 
  -13         3        0 0.000001204916 0.000000000000 
  -12         2        0 0.000000803277 0.000000000000 
  -11         4        0 0.000001606554 0.000000000000 
  -10         2        0 0.000000803277 0.000000000000 
   -9       545        0 0.000218892996 0.000000000000 
   -8      1333        0 0.000535384153 0.000000000000 
   -7      2705        0 0.001086432209 0.000000000000 
   -6      4838        0 0.001943127182 0.000000000000 
   -5      8722        0 0.003503091211 0.000000000000 
   -4     16252        0 0.006527429301 0.000000000000 
   -3     33325        0 0.013384603830 0.000000000000 
   -2     86289        0 0.034656986643 0.000000000000 
   -1    386744        0 0.155331289529 0.000000000000 
    0   1407395  2489801 0.565264051223 1.000000000000 
    1    387285        0 0.155548575971 0.000000000000 
    2     86351        0 0.034681888231 0.000000000000 
    3     33653        0 0.013516341266 0.000000000000 
    4     16149        0 0.006486060533 0.000000000000 
    5      8741        0 0.003510722343 0.000000000000 
    6      4871        0 0.001956381253 0.000000000000 
    7      2641        0 0.001060727343 0.000000000000 
    8      1311        0 0.000526548106 0.000000000000 
    9       555        0 0.000222909381 0.000000000000 
   10         5        0 0.000002008193 0.000000000000 
   11         2        0 0.000000803277 0.000000000000 
   12         3        0 0.000001204916 0.000000000000 
   13         3        0 0.000001204916 0.000000000000 
   14         4        0 0.000001606554 0.000000000000 
   15         5        0 0.000002008193 0.000000000000 
   16         4        0 0.000001606554 0.000000000000 
   17         3        0 0.000001204916 0.000000000000 
   18         0        0 0.000000000000 0.000000000000 
   19         1        0 0.000000401639 0.000000000000 
   20         2        0 0.000000803277 0.000000000000 
   21         1        0 0.000000401639 0.000000000000 
   22         1        0 0.000000401639 0.000000000000 
   23         2        0 0.000000803277 0.000000000000 
   24         1        0 0.000000401639 0.000000000000 
   25         1        0 0.000000401639 0.000000000000 
   26         1        0 0.000000401639 0.000000000000 
   27         0        0 0.000000000000 0.000000000000 
   28         0        0 0.000000000000 0.000000000000 
   29         0        0 0.000000000000 0.000000000000 
   30         1        0 0.000000401639 0.000000000000 
   31         0        0 0.000000000000 0.000000000000 
   32         2        0 0.000000803277 0.000000000000 
   33         0        0 0.000000000000 0.000000000000 
   34         0        0 0.000000000000 0.000000000000 
   35         0        0 0.000000000000 0.000000000000 
   36         0        0 0.000000000000 0.000000000000 
   37         0        0 0.000000000000 0.000000000000 
   38         0        0 0.000000000000 0.000000000000 
   39         0        0 0.000000000000 0.000000000000 
   40         0        0 0.000000000000 0.000000000000 
   41         0        0 0.000000000000 0.000000000000 
   42         0        0 0.000000000000 0.000000000000 
   43         0        0 0.000000000000 0.000000000000 
   44         0        0 0.000000000000 0.000000000000 
   45         0        0 0.000000000000 0.000000000000 
   46         0        0 0.000000000000 0.000000000000 
   47         0        0 0.000000000000 0.000000000000 
   48         0        0 0.000000000000 0.000000000000 
   49         0        0 0.000000000000 0.000000000000 
   50         0        0 0.000000000000 0.000000000000 
   51         0        0 0.000000000000 0.000000000000 
   52         0        0 0.000000000000 0.000000000000 
   53         0        0 0.000000000000 0.000000000000 
   54         0        0 0.000000000000 0.000000000000 
   55         0        0 0.000000000000 0.000000000000 
   56         0        0 0.000000000000 0.000000000000 
   57         0        0 0.000000000000 0.000000000000 
   58         0        0 0.000000000000 0.000000000000 
   59         0        0 0.000000000000 0.000000000000 
   60         0        0 0.000000000000 0.000000000000 
   61         0        0 0.000000000000 0.000000000000 
   62         0        0 0.000000000000 0.000000000000 
   63         0        0 0.000000000000 0.000000000000 
   64         0        0 0.000000000000 0.000000000000 
   65         1        0 0.000000401639 0.000000000000 
   66         0        0 0.000000000000 0.000000000000 
   67         0        0 0.000000000000 0.000000000000 
   68         1        0 0.000000401639 0.000000000000 
   69         0        0 0.000000000000 0.000000000000 
   70         0        0 0.000000000000 0.000000000000 
   71         0        0 0.000000000000 0.000000000000 
   72         1        0 0.000000401639 0.000000000000 
   73         0        0 0.000000000000 0.000000000000 
   74         0        0 0.000000000000 0.000000000000 
   75         1        0 0.000000401639 0.000000000000 
   76         0        0 0.000000000000 0.000000000000 
   77         0        0 0.000000000000 0.000000000000 
   78         0        0 0.000000000000 0.000000000000 
   79         0        0 0.000000000000 0.000000000000 
   80         0        0 0.000000000000 0.000000000000 
   81         0        0 0.000000000000 0.000000000000 
   82         0        0 0.000000000000 0.000000000000 
   83         0        0 0.000000000000 0.000000000000 
   84         0        0 0.000000000000 0.000000000000 
   85         1        0 0.000000401639 0.000000000000 
   86         0        0 0.000000000000 0.000000000000 
   87         0        0 0.000000000000 0.000000000000 
   88         0        0 0.000000000000 0.000000000000 
   89         0        0 0.000000000000 0.000000000000 
   90         0        0 0.000000000000 0.000000000000 
   91         0        0 0.000000000000 0.000000000000 
   92         0        0 0.000000000000 0.000000000000 
   93         0        0 0.000000000000 0.000000000000 
   94         0        0 0.000000000000 0.000000000000 
   95         0        0 0.000000000000 0.000000000000 
   96         0        0 0.000000000000 0.000000000000 
   97         0        0 0.000000000000 0.000000000000 
   98         0        0 0.000000000000 0.000000000000 
   99         0        0 0.000000000000 0.000000000000 
  100         0        0 0.000000000000 0.000000000000 
Various statistics on the whole empirical distribution (non-central moments)
mean =   0.00034943   0.00000000 
non-central sigma≤  =   1.59532750   0.00000000 
non-central kurtosis=  45.73682833   0.00000000 
non-central skewness=   0.15597395   0.00000000 
Various statistics on the semi empirical distribution (one side, axial dispersal, central moments)
mean axial dispersal =   0.66919645   0.00000000 
central/axial sigma≤  =   1.14750360   0.00000000 
central/axial kurtosis=  79.10505629   0.00000000 
central/axial skewness=   4.11567087   0.00000000