5 1 5 1 0.122641
15 1 5 1 0.125706
15 1 15 1 0.125449
25 1 5 1 0.126644
25 1 15 1 0.128013
25 1 25 1 0.131718
35 1 5 1 0.125312
35 1 15 1 0.124556
35 1 25 1 0.127481
35 1 35 1 0.126654
45 1 5 1 0.125231
45 1 15 1 0.125287
45 1 25 1 0.128075
45 1 35 1 0.124731
45 1 45 1 0.125141
55 1 5 1 0.126006
55 1 15 1 0.126037
55 1 25 1 0.128694
55 1 35 1 0.126656
55 1 45 1 0.127062
55 1 55 1 0.126744
65 1 5 1 0.123475
65 1 15 1 0.123931
65 1 25 1 0.126194
65 1 35 1 0.123819
65 1 45 1 0.1244
65 1 55 1 0.124137
65 1 65 1 0.121897
75 1 5 1 0.126181
75 1 15 1 0.126244
75 1 25 1 0.130337
75 1 35 1 0.125956
75 1 45 1 0.127663
75 1 55 1 0.128056
75 1 65 1 0.126019
75 1 75 1 0.129692
85 1 5 1 0.125681
85 1 15 1 0.126988
85 1 25 1 0.128075
85 1 35 1 0.125081
85 1 45 1 0.1262
85 1 55 1 0.126931
85 1 65 1 0.126625
85 1 75 1 0.12935
85 1 85 1 0.128564
95 1 5 1 0.126719
95 1 15 1 0.125494
95 1 25 1 0.12785
95 1 35 1 0.126906
95 1 45 1 0.127219
95 1 55 1 0.12785
95 1 65 1 0.125869
95 1 75 1 0.128344
95 1 85 1 0.128881
95 1 95 1 0.127731
