 -100        0        0 0.000000000000 0.000000000000 
  -99        0        0 0.000000000000 0.000000000000 
  -98        0        0 0.000000000000 0.000000000000 
  -97        0        0 0.000000000000 0.000000000000 
  -96        0        0 0.000000000000 0.000000000000 
  -95        0        0 0.000000000000 0.000000000000 
  -94        1        0 0.000000040592 0.000000000000 
  -93        0        0 0.000000000000 0.000000000000 
  -92        0        0 0.000000000000 0.000000000000 
  -91        0        0 0.000000000000 0.000000000000 
  -90        0        0 0.000000000000 0.000000000000 
  -89        0        0 0.000000000000 0.000000000000 
  -88        0        0 0.000000000000 0.000000000000 
  -87        1        0 0.000000040592 0.000000000000 
  -86        0        0 0.000000000000 0.000000000000 
  -85        1        0 0.000000040592 0.000000000000 
  -84        0        0 0.000000000000 0.000000000000 
  -83        1        0 0.000000040592 0.000000000000 
  -82        0        0 0.000000000000 0.000000000000 
  -81        1        0 0.000000040592 0.000000000000 
  -80        0        0 0.000000000000 0.000000000000 
  -79        0        0 0.000000000000 0.000000000000 
  -78        0        0 0.000000000000 0.000000000000 
  -77        0        0 0.000000000000 0.000000000000 
  -76        0        0 0.000000000000 0.000000000000 
  -75        0        0 0.000000000000 0.000000000000 
  -74        0        0 0.000000000000 0.000000000000 
  -73        0        0 0.000000000000 0.000000000000 
  -72        0        0 0.000000000000 0.000000000000 
  -71        0        0 0.000000000000 0.000000000000 
  -70        0        0 0.000000000000 0.000000000000 
  -69        0        0 0.000000000000 0.000000000000 
  -68        1        0 0.000000040592 0.000000000000 
  -67        0        0 0.000000000000 0.000000000000 
  -66        0        0 0.000000000000 0.000000000000 
  -65        0        0 0.000000000000 0.000000000000 
  -64        2        0 0.000000081183 0.000000000000 
  -63        1        0 0.000000040592 0.000000000000 
  -62        1        0 0.000000040592 0.000000000000 
  -61        1        0 0.000000040592 0.000000000000 
  -60        1        0 0.000000040592 0.000000000000 
  -59        0        0 0.000000000000 0.000000000000 
  -58        0        0 0.000000000000 0.000000000000 
  -57        2        0 0.000000081183 0.000000000000 
  -56        2        0 0.000000081183 0.000000000000 
  -55        2        0 0.000000081183 0.000000000000 
  -54        2        0 0.000000081183 0.000000000000 
  -53        2        0 0.000000081183 0.000000000000 
  -52        1        0 0.000000040592 0.000000000000 
  -51        1        0 0.000000040592 0.000000000000 
  -50        1        0 0.000000040592 0.000000000000 
  -49        2        0 0.000000081183 0.000000000000 
  -48        2        0 0.000000081183 0.000000000000 
  -47        3        0 0.000000121775 0.000000000000 
  -46        1        0 0.000000040592 0.000000000000 
  -45        1        0 0.000000040592 0.000000000000 
  -44        1        0 0.000000040592 0.000000000000 
  -43        2        0 0.000000081183 0.000000000000 
  -42        4        0 0.000000162366 0.000000000000 
  -41        3        0 0.000000121775 0.000000000000 
  -40        3        0 0.000000121775 0.000000000000 
  -39        7        0 0.000000284141 0.000000000000 
  -38        3        0 0.000000121775 0.000000000000 
  -37        1        0 0.000000040592 0.000000000000 
  -36        2        0 0.000000081183 0.000000000000 
  -35        4        0 0.000000162366 0.000000000000 
  -34        3        0 0.000000121775 0.000000000000 
  -33        4        0 0.000000162366 0.000000000000 
  -32        2        0 0.000000081183 0.000000000000 
  -31        4        0 0.000000162366 0.000000000000 
  -30        4        0 0.000000162366 0.000000000000 
  -29        6        0 0.000000243549 0.000000000000 
  -28        6        0 0.000000243549 0.000000000000 
  -27        7        0 0.000000284141 0.000000000000 
  -26        9        0 0.000000365324 0.000000000000 
  -25       12        0 0.000000487098 0.000000000000 
  -24       10        0 0.000000405915 0.000000000000 
  -23       12        0 0.000000487098 0.000000000000 
  -22        6        0 0.000000243549 0.000000000000 
  -21        8        0 0.000000324732 0.000000000000 
  -20       13        0 0.000000527690 0.000000000000 
  -19       16        0 0.000000649464 0.000000000000 
  -18       15        0 0.000000608873 0.000000000000 
  -17       25        0 0.000001014788 0.000000000000 
  -16       20        0 0.000000811830 0.000000000000 
  -15       23        0 0.000000933605 0.000000000000 
  -14       30        0 0.000001217746 0.000000000000 
  -13       30        0 0.000001217746 0.000000000000 
  -12       40        0 0.000001623661 0.000000000000 
  -11       36        0 0.000001461295 0.000000000000 
  -10       49        0 0.000001988985 0.000000000000 
   -9     5277        0 0.000214201455 0.000000000000 
   -8    13070        0 0.000530531176 0.000000000000 
   -7    25916        0 0.001051969852 0.000000000000 
   -6    46897        0 0.001903620549 0.000000000000 
   -5    85309        0 0.003462822043 0.000000000000 
   -4   159932        0 0.006491883096 0.000000000000 
   -3   331060        0 0.013438228859 0.000000000000 
   -2   853595        0 0.034648719153 0.000000000000 
   -1  3832593        0 0.155570778278 0.000000000000 
    0 13922277 24635687 0.565126395704 1.000000000000 
    1  3835503        0 0.155688899603 0.000000000000 
    2   852455        0 0.034602444819 0.000000000000 
    3   332691        0 0.013504433629 0.000000000000 
    4   160522        0 0.006515832093 0.000000000000 
    5    85535        0 0.003471995727 0.000000000000 
    6    47649        0 0.001934145372 0.000000000000 
    7    26145        0 0.001061265310 0.000000000000 
    8    13142        0 0.000533453766 0.000000000000 
    9     5216        0 0.000211725372 0.000000000000 
   10       63        0 0.000002557266 0.000000000000 
   11       34        0 0.000001380112 0.000000000000 
   12       41        0 0.000001664252 0.000000000000 
   13       47        0 0.000001907801 0.000000000000 
   14       23        0 0.000000933605 0.000000000000 
   15       22        0 0.000000893013 0.000000000000 
   16       18        0 0.000000730647 0.000000000000 
   17       13        0 0.000000527690 0.000000000000 
   18       12        0 0.000000487098 0.000000000000 
   19       14        0 0.000000568281 0.000000000000 
   20       10        0 0.000000405915 0.000000000000 
   21       13        0 0.000000527690 0.000000000000 
   22       12        0 0.000000487098 0.000000000000 
   23        8        0 0.000000324732 0.000000000000 
   24        4        0 0.000000162366 0.000000000000 
   25        8        0 0.000000324732 0.000000000000 
   26       10        0 0.000000405915 0.000000000000 
   27        3        0 0.000000121775 0.000000000000 
   28        4        0 0.000000162366 0.000000000000 
   29        8        0 0.000000324732 0.000000000000 
   30        7        0 0.000000284141 0.000000000000 
   31        7        0 0.000000284141 0.000000000000 
   32        3        0 0.000000121775 0.000000000000 
   33        4        0 0.000000162366 0.000000000000 
   34        5        0 0.000000202958 0.000000000000 
   35        3        0 0.000000121775 0.000000000000 
   36        4        0 0.000000162366 0.000000000000 
   37        4        0 0.000000162366 0.000000000000 
   38        1        0 0.000000040592 0.000000000000 
   39        1        0 0.000000040592 0.000000000000 
   40        5        0 0.000000202958 0.000000000000 
   41        1        0 0.000000040592 0.000000000000 
   42        0        0 0.000000000000 0.000000000000 
   43        2        0 0.000000081183 0.000000000000 
   44        3        0 0.000000121775 0.000000000000 
   45        2        0 0.000000081183 0.000000000000 
   46        2        0 0.000000081183 0.000000000000 
   47        2        0 0.000000081183 0.000000000000 
   48        2        0 0.000000081183 0.000000000000 
   49        1        0 0.000000040592 0.000000000000 
   50        3        0 0.000000121775 0.000000000000 
   51        2        0 0.000000081183 0.000000000000 
   52        1        0 0.000000040592 0.000000000000 
   53        1        0 0.000000040592 0.000000000000 
   54        1        0 0.000000040592 0.000000000000 
   55        0        0 0.000000000000 0.000000000000 
   56        0        0 0.000000000000 0.000000000000 
   57        0        0 0.000000000000 0.000000000000 
   58        1        0 0.000000040592 0.000000000000 
   59        1        0 0.000000040592 0.000000000000 
   60        1        0 0.000000040592 0.000000000000 
   61        1        0 0.000000040592 0.000000000000 
   62        1        0 0.000000040592 0.000000000000 
   63        0        0 0.000000000000 0.000000000000 
   64        0        0 0.000000000000 0.000000000000 
   65        1        0 0.000000040592 0.000000000000 
   66        0        0 0.000000000000 0.000000000000 
   67        0        0 0.000000000000 0.000000000000 
   68        1        0 0.000000040592 0.000000000000 
   69        1        0 0.000000040592 0.000000000000 
   70        0        0 0.000000000000 0.000000000000 
   71        0        0 0.000000000000 0.000000000000 
   72        1        0 0.000000040592 0.000000000000 
   73        0        0 0.000000000000 0.000000000000 
   74        0        0 0.000000000000 0.000000000000 
   75        1        0 0.000000040592 0.000000000000 
   76        0        0 0.000000000000 0.000000000000 
   77        0        0 0.000000000000 0.000000000000 
   78        1        0 0.000000040592 0.000000000000 
   79        0        0 0.000000000000 0.000000000000 
   80        0        0 0.000000000000 0.000000000000 
   81        0        0 0.000000000000 0.000000000000 
   82        0        0 0.000000000000 0.000000000000 
   83        0        0 0.000000000000 0.000000000000 
   84        1        0 0.000000040592 0.000000000000 
   85        3        0 0.000000121775 0.000000000000 
   86        0        0 0.000000000000 0.000000000000 
   87        0        0 0.000000000000 0.000000000000 
   88        0        0 0.000000000000 0.000000000000 
   89        0        0 0.000000000000 0.000000000000 
   90        0        0 0.000000000000 0.000000000000 
   91        0        0 0.000000000000 0.000000000000 
   92        0        0 0.000000000000 0.000000000000 
   93        0        0 0.000000000000 0.000000000000 
   94        0        0 0.000000000000 0.000000000000 
   95        0        0 0.000000000000 0.000000000000 
   96        0        0 0.000000000000 0.000000000000 
   97        0        0 0.000000000000 0.000000000000 
   98        0        0 0.000000000000 0.000000000000 
   99        0        0 0.000000000000 0.000000000000 
  100        0        0 0.000000000000 0.000000000000 
Various statistics on the whole empirical distribution (non-central moments)
mean =   0.00059921   0.00000000 
non-central sigma2 =   1.57972278   0.00000000 
non-central kurtosis=  30.08958942   0.00000000 
non-central skewness=  -0.00766554   0.00000000 
Various statistics on the semi empirical distribution (one side, axial dispersal, central moments)
mean axial dispersal =   0.66823101   0.00000000 
central/axial sigma2 =   1.13319010   0.00000000 
central/axial kurtosis=  50.21518733   0.00000000 
central/axial skewness=   3.63354625   0.00000000