1 10. pareto2_m8.txt under GSM; 10 x 1 diploid individuals  evolving at G=0 on a 10 x 1 lattice with absorbing boundaries; mutation proba=0.0005; replicate # 8; Mrca Moy= 25065.8; MRCA MAX=101956
20 pop51
1     , 93. 93 75. 84 114. 90 75. 78 93. 84 66. 90 90. 87 81. 87 108. 108 108. 108
2     , 96. 90 87. 84 129. 105 96. 90 93. 87 69. 75 96. 87 75. 84 111. 93 102. 108
3     , 105. 90 93. 78 105. 105 84. 111 87. 96 81. 78 90. 87 90. 87 108. 102 108. 81
4     , 96. 96 87. 81 114. 105 84. 84 93. 93 69. 78 90. 96 75. 81 99. 93 108. 99
5     , 102. 105 81. 81 114. 120 90. 84 99. 87 72. 78 90. 75 87. 81 93. 102 99. 81
6     , 93. 93 84. 81 120. 105 87. 84 78. 93 78. 75 96. 90 84. 81 108. 102 87. 99
7     , 93. 93 99. 78 99. 99 90. 90 87. 99 90. 75 99. 96 84. 87 96. 99 99. 87
8     , 96. 96 81. 90 114. 120 90. 102 102. 90 81. 75 75. 93 87. 81 111. 108 90. 87
9     , 87. 90 87. 93 111. 111 75. 84 93. 96 90. 78 102. 75 90. 81 93. 96 108. 87
10     , 96. 96 87. 81 111. 93 111. 96 93. 87 78. 102 114. 96 81. 87 96. 90 108. 102
11     , 87. 93 84. 93 105. 114 87. 84 96. 81 72. 66 102. 93 93. 84 105. 87 111. 81
12     , 87. 99 93. 84 126. 120 87. 102 99. 84 75. 78 99. 96 75. 81 105. 99 87. 66
13     , 96. 93 90. 87 108. 120 87. 102 75. 75 81. 90 99. 102 81. 81 93. 108 87. 105
14     , 90. 93 84. 75 108. 111 81. 84 87. 93 84. 75 90. 90 84. 81 87. 111 72. 99
15     , 90. 105 81. 84 96. 96 102. 87 96. 87 75. 72 99. 105 81. 93 108. 90 108. 111
16     , 90. 93 78. 81 126. 126 93. 87 87. 102 75. 75 96. 93 87. 84 99. 87 105. 96
17     , 96. 84 81. 78 99. 117 111. 90 84. 96 66. 66 90. 84 81. 81 99. 108 93. 63
18     , 87. 93 87. 81 111. 99 102. 102 96. 87 78. 102 93. 93 81. 90 99. 108 111. 90
19     , 108. 99 87. 81 126. 114 84. 84 75. 99 66. 75 96. 90 84. 81 105. 102 102. 108
20     , 99. 93 81. 81 99. 114 87. 81 90. 75 102. 75 93. 96 87. 87 99. 93 105. 63
20 pop151
21     , 102. 96 84. 72 105. 111 87. 81 84. 87 75. 81 90. 90 90. 87 90. 87 87. 99
22     , 96. 96 87. 99 99. 111 96. 87 93. 75 57. 75 75. 90 81. 87 84. 99 84. 108
23     , 105. 96 90. 78 99. 111 90. 87 99. 87 69. 81 93. 90 102. 81 90. 102 99. 99
24     , 96. 90 99. 81 96. 102 87. 90 93. 96 78. 75 93. 96 81. 81 93. 105 87. 108
25     , 96. 87 78. 81 114. 114 102. 87 84. 99 105. 84 93. 96 81. 81 93. 87 108. 108
26     , 93. 87 84. 87 99. 120 93. 93 102. 87 105. 78 111. 105 90. 84 93. 99 78. 90
27     , 87. 96 84. 75 114. 114 87. 90 75. 84 102. 81 84. 93 81. 81 93. 93 93. 84
28     , 96. 93 87. 87 99. 102 90. 96 99. 87 81. 72 90. 90 90. 81 108. 108 102. 99
29     , 90. 105 81. 66 120. 99 90. 84 96. 99 78. 102 90. 93 90. 81 93. 102 111. 108
30     , 108. 93 75. 81 111. 111 87. 90 96. 87 102. 66 96. 114 81. 90 99. 114 111. 87
31     , 93. 90 75. 75 108. 120 81. 90 93. 87 78. 87 93. 99 81. 90 99. 108 111. 111
32     , 93. 90 84. 84 96. 114 87. 108 87. 78 78. 78 75. 84 75. 81 99. 105 78. 87
33     , 93. 87 81. 72 96. 99 105. 84 99. 102 78. 90 99. 90 81. 90 105. 87 87. 111
34     , 93. 84 84. 75 99. 114 105. 84 99. 87 84. 78 90. 96 81. 66 87. 108 114. 117
35     , 90. 105 99. 87 120. 108 105. 84 84. 87 75. 81 99. 96 87. 93 108. 84 90. 102
36     , 96. 93 81. 84 99. 99 87. 90 93. 96 84. 78 96. 90 81. 81 99. 114 102. 93
37     , 96. 87 87. 81 90. 93 96. 105 93. 96 69. 72 90. 93 81. 81 105. 102 111. 90
38     , 84. 90 87. 81 93. 120 87. 90 96. 87 69. 69 102. 102 84. 81 93. 108 111. 87
39     , 90. 87 87. 75 123. 111 93. 99 96. 96 78. 81 96. 90 75. 84 84. 93 108. 72
40     , 90. 93 84. 90 114. 126 90. 84 96. 102 66. 78 90. 102 81. 90 102. 108 111. 90
20 pop251
41     , 99. 96 87. 75 96. 126 96. 96 87. 81 72. 66 108. 75 81. 87 108. 99 96. 108
42     , 87. 96 81. 75 120. 105 87. 90 90. 96 66. 75 90. 96 90. 81 105. 108 84. 111
43     , 93. 108 90. 84 99. 123 87. 81 102. 81 75. 84 99. 96 90. 84 102. 90 87. 90
44     , 93. 96 93. 84 120. 120 93. 90 93. 87 75. 75 90. 96 81. 87 93. 99 78. 102
45     , 84. 93 87. 84 105. 111 93. 96 93. 87 75. 63 87. 90 81. 72 93. 108 111. 78
46     , 108. 96 75. 78 96. 93 90. 93 87. 93 102. 90 90. 96 81. 81 87. 99 87. 87
47     , 96. 96 90. 90 111. 99 99. 93 96. 96 69. 78 90. 102 81. 84 99. 111 87. 105
48     , 93. 93 84. 81 117. 96 90. 90 99. 96 72. 90 90. 90 87. 84 99. 99 111. 99
49     , 84. 90 99. 75 99. 99 90. 96 90. 90 96. 78 96. 96 87. 93 105. 96 111. 87
50     , 93. 93 84. 84 108. 123 87. 90 102. 102 78. 105 96. 90 75. 87 99. 96 99. 90
51     , 87. 93 81. 81 108. 99 102. 87 87. 96 72. 105 99. 99 84. 90 99. 90 72. 111
52     , 93. 99 81. 81 99. 96 84. 87 87. 87 72. 72 102. 96 75. 84 99. 105 111. 90
53     , 96. 90 87. 87 96. 96 96. 81 93. 87 75. 75 87. 84 81. 84 99. 108 111. 84
54     , 96. 87 84. 90 99. 99 96. 102 87. 99 81. 78 93. 99 87. 81 105. 114 108. 78
55     , 90. 96 90. 75 108. 108 87. 87 78. 87 69. 72 102. 99 81. 84 87. 108 81. 111
56     , 99. 99 75. 84 99. 105 99. 84 99. 96 75. 72 96. 90 75. 87 93. 96 84. 111
57     , 87. 96 84. 81 114. 111 84. 90 93. 93 102. 102 84. 96 81. 81 87. 84 81. 111
58     , 96. 99 90. 78 99. 111 93. 90 99. 87 84. 75 90. 114 90. 81 96. 87 84. 87
59     , 105. 105 87. 84 120. 99 84. 87 90. 96 87. 57 102. 90 78. 84 108. 105 93. 99
60     , 96. 90 84. 81 108. 126 87. 96 75. 99 90. 78 96. 90 81. 87 108. 102 87. 108
20 pop351
61     , 99. 99 84. 96 90. 111 84. 90 99. 87 78. 81 90. 90 75. 81 99. 108 111. 102
62     , 93. 105 81. 81 117. 108 87. 93 81. 87 75. 87 96. 72 81. 84 90. 102 87. 84
63     , 90. 96 105. 81 96. 126 87. 108 81. 99 102. 72 90. 96 90. 81 105. 93 81. 81
64     , 93. 108 90. 81 114. 108 84. 81 102. 96 57. 75 93. 90 84. 75 108. 93 108. 114
65     , 96. 96 90. 90 120. 99 81. 90 75. 90 66. 72 90. 90 90. 81 96. 96 111. 111
66     , 93. 96 81. 84 111. 123 87. 108 96. 84 75. 75 90. 87 81. 81 108. 105 63. 84
67     , 87. 90 90. 81 96. 114 75. 90 99. 90 81. 102 105. 96 87. 81 108. 93 90. 87
68     , 93. 99 87. 81 108. 99 111. 84 81. 87 75. 81 99. 90 90. 81 93. 99 105. 72
69     , 93. 102 87. 87 120. 120 84. 87 93. 99 72. 105 102. 84 84. 87 102. 93 87. 87
70     , 87. 90 90. 87 108. 90 96. 87 99. 87 87. 75 87. 90 84. 84 99. 102 111. 96
71     , 90. 105 75. 90 99. 108 87. 96 75. 99 75. 102 96. 96 87. 81 96. 108 81. 102
72     , 93. 99 87. 87 96. 102 90. 87 99. 93 75. 72 96. 93 84. 81 102. 108 111. 108
73     , 96. 96 75. 81 96. 99 87. 93 87. 99 90. 72 84. 90 84. 81 93. 96 105. 87
74     , 93. 102 84. 81 105. 99 81. 87 96. 90 84. 75 87. 72 87. 84 87. 108 72. 102
75     , 96. 93 84. 81 111. 105 102. 90 99. 102 102. 72 90. 93 81. 75 87. 105 111. 90
76     , 102. 105 81. 84 123. 105 90. 84 78. 93 66. 69 96. 96 96. 87 93. 93 108. 93
77     , 102. 84 90. 87 108. 105 93. 84 99. 99 72. 102 90. 90 81. 81 93. 96 105. 87
78     , 102. 96 87. 81 111. 108 81. 90 72. 93 75. 75 96. 90 81. 90 96. 108 93. 108
79     , 93. 96 84. 75 105. 99 96. 84 93. 84 75. 105 90. 90 90. 87 90. 105 111. 87
80     , 96. 96 90. 87 111. 99 84. 87 87. 72 105. 78 96. 90 102. 81 87. 102 72. 111
20 pop451
81     , 93. 99 81. 84 114. 99 93. 84 87. 84 78. 75 93. 96 84. 81 105. 87 111. 114
82     , 90. 93 90. 84 117. 117 90. 93 75. 99 75. 105 96. 90 81. 81 93. 87 99. 99
83     , 90. 93 84. 81 96. 126 90. 84 96. 99 84. 75 102. 99 84. 84 102. 99 81. 102
84     , 108. 96 78. 87 99. 108 96. 108 102. 102 84. 102 99. 108 87. 81 108. 111 63. 105
85     , 93. 105 84. 84 120. 108 84. 87 99. 99 108. 105 96. 96 93. 75 99. 99 90. 78
86     , 96. 96 105. 81 108. 108 111. 81 87. 99 72. 75 99. 90 75. 78 108. 99 105. 99
87     , 96. 96 78. 81 105. 120 75. 90 99. 87 105. 90 96. 96 81. 87 105. 108 111. 102
88     , 93. 93 84. 81 96. 96 84. 90 87. 96 105. 105 93. 84 93. 75 114. 96 87. 87
89     , 99. 90 81. 75 111. 99 90. 93 87. 81 75. 90 96. 102 81. 87 90. 90 108. 81
90     , 96. 90 99. 84 111. 117 93. 87 96. 87 102. 105 102. 111 81. 102 102. 99 96. 111
91     , 93. 90 78. 84 99. 108 84. 87 87. 96 69. 105 96. 99 93. 81 96. 99 87. 111
92     , 84. 96 84. 93 105. 111 90. 84 99. 87 66. 105 102. 99 81. 84 96. 111 114. 84
93     , 93. 99 87. 81 108. 114 87. 102 96. 96 72. 75 93. 102 81. 87 105. 87 90. 105
94     , 87. 93 90. 81 111. 108 81. 84 99. 96 78. 105 96. 114 81. 90 99. 99 111. 87
95     , 90. 96 75. 90 105. 96 84. 84 87. 93 72. 75 96. 78 81. 72 84. 114 108. 87
96     , 96. 102 90. 87 99. 108 84. 96 93. 75 90. 81 90. 93 81. 87 87. 93 105. 87
97     , 90. 105 81. 81 111. 108 87. 87 93. 96 75. 78 96. 90 87. 72 93. 102 102. 87
98     , 87. 90 75. 81 105. 120 87. 84 93. 90 72. 78 96. 90 102. 96 108. 108 99. 117
99     , 93. 93 93. 81 102. 114 84. 102 81. 96 72. 81 96. 93 81. 93 114. 99 72. 102
100     , 93. 93 84. 90 126. 111 87. 90 99. 99 72. 105 90. 84 81. 81 96. 99 105. 108
20 pop551
101     , 93. 93 84. 87 108. 108 90. 90 102. 87 102. 75 90. 93 75. 81 93. 108 87. 87
102     , 87. 90 81. 81 111. 99 84. 84 93. 87 90. 75 93. 99 84. 93 87. 102 99. 117
103     , 102. 96 87. 84 96. 99 87. 84 90. 93 75. 78 90. 90 87. 81 87. 102 108. 81
104     , 87. 93 87. 84 111. 105 90. 93 84. 93 78. 75 81. 96 90. 81 96. 96 120. 99
105     , 105. 90 87. 99 108. 108 90. 84 93. 78 84. 81 93. 84 84. 81 108. 84 105. 111
106     , 87. 102 81. 78 108. 105 90. 105 87. 93 78. 90 93. 93 72. 84 99. 96 111. 105
107     , 90. 96 81. 99 117. 99 84. 75 90. 102 57. 75 96. 90 81. 90 90. 87 111. 99
108     , 99. 84 84. 90 99. 105 84. 87 99. 93 102. 72 105. 90 84. 87 114. 99 96. 111
109     , 84. 90 87. 84 120. 114 93. 96 87. 93 63. 72 102. 75 93. 87 93. 90 93. 87
110     , 96. 93 84. 84 114. 93 84. 87 96. 102 102. 84 111. 102 90. 81 108. 105 87. 72
111     , 96. 93 87. 90 102. 123 84. 102 96. 93 78. 75 90. 99 78. 87 108. 93 87. 105
112     , 90. 90 75. 90 99. 105 87. 84 87. 102 78. 102 99. 102 81. 87 99. 87 90. 90
113     , 99. 90 78. 81 111. 126 84. 87 99. 63 78. 84 90. 96 90. 81 108. 105 111. 72
114     , 105. 108 90. 87 105. 114 102. 87 99. 90 81. 75 90. 87 81. 84 108. 102 99. 99
115     , 102. 87 87. 81 99. 111 102. 102 75. 93 69. 78 96. 93 84. 87 108. 99 99. 90
116     , 96. 93 81. 84 99. 99 87. 84 93. 87 90. 102 84. 90 87. 87 99. 99 111. 108
117     , 87. 102 93. 84 108. 105 93. 96 96. 102 72. 75 90. 84 81. 81 114. 99 108. 111
118     , 96. 93 90. 84 111. 117 90. 87 90. 96 78. 102 114. 72 81. 87 99. 105 105. 111
119     , 102. 90 78. 78 99. 120 87. 84 93. 87 66. 78 93. 93 90. 87 90. 99 102. 87
120     , 96. 105 81. 81 108. 108 84. 99 96. 96 75. 105 87. 108 81. 81 102. 87 90. 81
20 pop651
121     , 90. 96 81. 99 96. 114 87. 84 81. 96 84. 102 96. 96 81. 75 93. 96 78. 90
122     , 105. 96 78. 81 105. 102 90. 87 87. 84 75. 78 96. 99 84. 87 87. 99 87. 90
123     , 90. 90 87. 84 126. 111 93. 87 93. 102 69. 75 90. 90 87. 87 87. 108 81. 105
124     , 96. 90 84. 87 126. 96 81. 90 87. 93 69. 75 84. 90 90. 78 96. 87 78. 105
125     , 99. 99 81. 84 105. 102 87. 96 87. 96 75. 66 96. 93 75. 75 87. 114 102. 63
126     , 93. 90 90. 81 111. 120 84. 84 87. 87 75. 75 96. 96 81. 90 105. 105 78. 72
127     , 90. 96 87. 81 99. 102 90. 87 93. 96 75. 93 96. 102 87. 96 105. 108 102. 78
128     , 93. 96 75. 84 108. 99 93. 87 93. 87 78. 75 90. 93 87. 87 96. 105 84. 84
129     , 96. 93 75. 72 126. 114 93. 102 99. 99 66. 75 90. 108 81. 87 108. 90 102. 108
130     , 90. 96 75. 84 117. 111 87. 93 102. 90 81. 78 75. 90 87. 84 117. 105 99. 87
131     , 99. 90 81. 81 96. 108 84. 84 93. 99 87. 75 96. 105 93. 90 87. 99 111. 105
132     , 105. 90 87. 75 111. 111 69. 93 93. 96 75. 78 90. 93 75. 87 96. 87 78. 99
133     , 93. 87 84. 87 96. 96 96. 93 93. 93 81. 81 96. 90 75. 78 114. 87 72. 90
134     , 105. 105 84. 87 126. 105 93. 90 93. 90 84. 81 99. 96 75. 75 114. 105 63. 108
135     , 93. 90 84. 81 105. 120 84. 78 93. 81 69. 81 96. 90 72. 81 96. 108 108. 108
136     , 90. 105 84. 87 99. 111 102. 87 102. 87 66. 81 84. 96 87. 81 111. 102 111. 81
137     , 108. 90 81. 75 117. 111 90. 87 99. 87 78. 78 93. 102 84. 81 108. 99 111. 90
138     , 90. 90 84. 81 114. 111 99. 84 96. 99 75. 75 93. 99 81. 81 93. 96 87. 84
139     , 93. 87 84. 90 111. 108 90. 87 99. 99 90. 78 99. 102 84. 87 87. 102 105. 81
140     , 96. 90 87. 81 105. 114 87. 78 96. 87 102. 78 90. 93 87. 81 93. 108 111. 111
20 pop751
141     , 93. 90 87. 87 96. 102 84. 75 102. 87 78. 75 93. 75 87. 81 108. 102 105. 108
142     , 84. 90 84. 87 108. 105 102. 84 72. 102 75. 75 99. 96 87. 81 105. 87 102. 99
143     , 90. 90 81. 78 111. 111 102. 87 75. 87 87. 69 93. 93 81. 81 105. 99 99. 111
144     , 96. 96 87. 84 126. 99 90. 84 96. 99 75. 75 96. 99 81. 84 114. 99 81. 111
145     , 93. 96 84. 87 114. 96 102. 87 93. 75 105. 72 90. 102 81. 81 96. 93 111. 111
146     , 96. 93 84. 84 120. 111 93. 75 75. 99 78. 75 99. 90 75. 87 105. 99 78. 75
147     , 90. 105 84. 81 117. 105 84. 87 87. 81 69. 72 96. 99 87. 81 108. 96 105. 72
148     , 105. 90 78. 84 120. 108 90. 87 102. 99 66. 66 93. 96 87. 84 114. 108 78. 87
149     , 90. 102 78. 81 120. 123 96. 87 93. 99 75. 102 90. 102 87. 81 114. 93 99. 108
150     , 93. 96 75. 87 105. 90 96. 87 75. 93 75. 81 90. 87 84. 81 105. 87 87. 111
151     , 93. 84 84. 81 99. 96 87. 90 87. 87 69. 78 108. 90 81. 90 87. 96 87. 99
152     , 93. 90 81. 84 99. 117 90. 84 78. 99 75. 75 90. 99 84. 87 96. 105 99. 111
153     , 90. 96 81. 87 108. 114 72. 84 93. 75 78. 66 114. 93 84. 81 87. 105 81. 108
154     , 90. 90 87. 84 93. 108 105. 84 102. 90 87. 87 90. 114 87. 81 93. 108 108. 111
155     , 99. 96 87. 84 105. 99 87. 90 93. 87 99. 75 87. 90 81. 96 90. 87 93. 111
156     , 105. 90 81. 90 111. 108 90. 90 87. 87 75. 72 96. 75 87. 84 99. 99 102. 99
157     , 90. 90 81. 84 108. 99 87. 90 63. 93 60. 81 90. 93 90. 75 108. 99 84. 90
158     , 99. 93 81. 75 108. 108 96. 105 93. 87 75. 84 96. 93 81. 81 105. 93 99. 111
159     , 102. 90 93. 78 108. 90 111. 81 81. 93 75. 75 90. 84 87. 87 99. 87 66. 111
160     , 87. 96 84. 75 99. 108 93. 87 87. 87 75. 75 102. 90 84. 84 96. 99 99. 90
20 pop851
161     , 87. 93 90. 78 126. 105 84. 81 87. 90 102. 66 93. 90 84. 93 99. 108 102. 96
162     , 102. 90 84. 81 114. 111 102. 84 93. 96 69. 75 108. 108 87. 87 114. 87 84. 111
163     , 90. 90 78. 78 111. 126 90. 84 87. 81 75. 75 96. 90 87. 81 96. 93 87. 99
164     , 90. 93 84. 78 126. 99 93. 84 96. 99 78. 75 90. 93 81. 81 87. 99 108. 111
165     , 90. 96 84. 84 96. 105 93. 93 87. 93 72. 81 102. 93 87. 90 87. 108 87. 90
166     , 93. 84 75. 90 114. 120 87. 96 87. 93 84. 72 72. 102 81. 81 87. 105 99. 87
167     , 93. 93 81. 81 108. 108 84. 90 87. 102 66. 105 96. 99 81. 90 90. 105 105. 111
168     , 90. 108 81. 84 108. 120 90. 96 102. 102 75. 102 90. 99 87. 87 99. 96 111. 84
169     , 96. 84 87. 87 111. 117 93. 93 93. 102 69. 78 102. 87 87. 87 87. 99 108. 84
170     , 99. 93 75. 87 108. 111 84. 84 93. 102 78. 84 102. 90 81. 81 87. 108 87. 87
171     , 90. 96 75. 81 120. 105 81. 102 93. 75 75. 84 96. 93 81. 75 96. 111 90. 108
172     , 96. 96 75. 84 105. 120 102. 102 96. 93 75. 72 93. 105 87. 84 108. 93 93. 105
173     , 93. 96 81. 87 96. 120 75. 87 87. 87 75. 66 93. 102 84. 75 108. 87 63. 81
174     , 90. 90 72. 75 111. 120 96. 96 87. 99 63. 78 90. 93 81. 72 87. 84 108. 111
175     , 93. 90 90. 84 93. 111 96. 93 93. 87 78. 75 102. 102 90. 75 108. 111 99. 111
176     , 102. 93 75. 81 126. 117 90. 78 72. 99 75. 105 87. 96 84. 90 99. 108 102. 84
177     , 90. 96 90. 84 99. 114 84. 105 72. 99 75. 75 105. 99 93. 84 90. 87 87. 105
178     , 90. 99 72. 84 123. 111 87. 90 75. 87 75. 78 90. 90 90. 90 99. 102 87. 108
179     , 96. 87 87. 75 120. 108 96. 93 93. 93 75. 78 114. 93 93. 87 87. 87 87. 105
180     , 96. 93 93. 84 120. 120 84. 87 99. 87 75. 78 102. 90 87. 81 93. 99 81. 99
20 pop951
181     , 93. 90 99. 90 96. 108 87. 87 87. 87 81. 105 90. 99 90. 78 87. 108 96. 78
182     , 99. 90 87. 78 117. 96 96. 87 93. 102 72. 81 75. 93 84. 84 108. 114 87. 111
183     , 87. 93 84. 75 105. 99 87. 90 87. 81 78. 75 90. 90 90. 84 105. 93 108. 111
184     , 84. 96 84. 81 105. 108 84. 84 84. 99 78. 102 96. 90 87. 81 87. 105 87. 90
185     , 96. 96 90. 93 99. 111 87. 87 87. 87 72. 75 114. 96 84. 81 93. 114 102. 102
186     , 90. 93 105. 75 114. 93 102. 84 99. 87 102. 72 93. 75 84. 87 102. 105 111. 72
187     , 93. 90 87. 84 102. 102 87. 93 87. 81 81. 69 93. 90 81. 75 99. 99 60. 111
188     , 87. 105 84. 81 114. 117 93. 78 93. 96 78. 75 96. 99 81. 84 105. 105 87. 99
189     , 87. 87 84. 87 108. 90 84. 90 93. 93 81. 78 111. 90 81. 87 96. 99 114. 108
190     , 90. 93 84. 90 105. 114 93. 84 96. 93 72. 75 93. 102 93. 87 108. 105 72. 87
191     , 90. 99 81. 75 120. 105 93. 75 102. 81 66. 75 99. 96 81. 93 108. 105 102. 111
192     , 105. 90 87. 75 120. 120 84. 93 87. 87 87. 75 84. 75 96. 87 87. 114 63. 111
193     , 99. 99 72. 81 96. 105 81. 84 87. 75 75. 75 102. 84 81. 81 111. 96 111. 78
194     , 102. 90 105. 99 96. 108 84. 84 75. 81 75. 81 75. 90 78. 84 102. 105 81. 108
195     , 96. 87 81. 90 120. 96 93. 87 87. 75 75. 72 102. 93 93. 81 114. 96 84. 111
196     , 102. 105 87. 90 111. 99 87. 96 81. 81 78. 81 96. 96 90. 81 99. 96 87. 99
197     , 93. 90 75. 93 108. 126 87. 84 93. 99 66. 75 90. 93 81. 84 102. 99 72. 78
198     , 99. 96 81. 84 114. 96 90. 90 93. 102 81. 75 84. 90 81. 87 108. 99 87. 78
199     , 87. 105 84. 84 126. 105 84. 87 93. 93 78. 69 99. 96 75. 87 105. 99 78. 111
200     , 87. 93 81. 90 90. 111 90. 102 96. 75 81. 72 114. 90 81. 81 87. 87 72. 78
