5 1 5 1 0.0458947
15 1 5 1 0.0422
15 1 15 1 0.0381579
25 1 5 1 0.043575
25 1 15 1 0.04145
25 1 25 1 0.0414737
35 1 5 1 0.042675
35 1 15 1 0.039825
35 1 25 1 0.041325
35 1 35 1 0.0410526
45 1 5 1 0.04435
45 1 15 1 0.04095
45 1 25 1 0.04375
45 1 35 1 0.041175
45 1 45 1 0.0422632
55 1 5 1 0.043625
55 1 15 1 0.041125
55 1 25 1 0.04255
55 1 35 1 0.04125
55 1 45 1 0.0406
55 1 55 1 0.0435263
65 1 5 1 0.041975
65 1 15 1 0.04055
65 1 25 1 0.043125
65 1 35 1 0.0392
65 1 45 1 0.040975
65 1 55 1 0.0415
65 1 65 1 0.0435789
75 1 5 1 0.04315
75 1 15 1 0.0396
75 1 25 1 0.042375
75 1 35 1 0.042725
75 1 45 1 0.0414
75 1 55 1 0.04235
75 1 65 1 0.0415
75 1 75 1 0.0428421
85 1 5 1 0.042625
85 1 15 1 0.03875
85 1 25 1 0.04255
85 1 35 1 0.04205
85 1 45 1 0.043175
85 1 55 1 0.04225
85 1 65 1 0.0412
85 1 75 1 0.042
85 1 85 1 0.0440526
95 1 5 1 0.040775
95 1 15 1 0.039625
95 1 25 1 0.041475
95 1 35 1 0.03925
95 1 45 1 0.0412
95 1 55 1 0.042025
95 1 65 1 0.040375
95 1 75 1 0.04075
95 1 85 1 0.041525
95 1 95 1 0.0397368
