1 1 1 1 0.524211
2 1 1 1 0.5184
2 1 2 1 0.512474
3 1 1 1 0.505375
3 1 2 1 0.505125
3 1 3 1 0.494474
4 1 1 1 0.50365
4 1 2 1 0.50735
4 1 3 1 0.49875
4 1 4 1 0.505158
5 1 1 1 0.50815
5 1 2 1 0.505875
5 1 3 1 0.495375
5 1 4 1 0.5026
5 1 5 1 0.501053
6 1 1 1 0.505225
6 1 2 1 0.500825
6 1 3 1 0.4941
6 1 4 1 0.499025
6 1 5 1 0.50095
6 1 6 1 0.498632
7 1 1 1 0.50575
7 1 2 1 0.502825
7 1 3 1 0.491725
7 1 4 1 0.50025
7 1 5 1 0.4997
7 1 6 1 0.501075
7 1 7 1 0.506053
8 1 1 1 0.507175
8 1 2 1 0.505725
8 1 3 1 0.492
8 1 4 1 0.5012
8 1 5 1 0.5016
8 1 6 1 0.506225
8 1 7 1 0.510875
8 1 8 1 0.513684
9 1 1 1 0.4911
9 1 2 1 0.4882
9 1 3 1 0.478375
9 1 4 1 0.485725
9 1 5 1 0.48875
9 1 6 1 0.489725
9 1 7 1 0.498425
9 1 8 1 0.504475
9 1 9 1 0.498895
10 1 1 1 0.503375
10 1 2 1 0.502025
10 1 3 1 0.490475
10 1 4 1 0.4999
10 1 5 1 0.5023
10 1 6 1 0.49995
10 1 7 1 0.50755
10 1 8 1 0.51125
10 1 9 1 0.506975
10 1 10 1 0.512737
