This sample file has been generated by the IBDSim program.
locus1_HKY85
pop 
1 1 , 001 
1 1 , 002 
1 1 , 003 
1 1 , 004 
1 1 , 005 
1 1 , 006 
1 1 , 007 
1 1 , 005 
1 1 , 008 
1 1 , 001 
1 1 , 009 
1 1 , 005 
1 1 , 003 
1 1 , 001 
1 1 , 010 
1 1 , 010 
1 1 , 001 
1 1 , 001 
1 1 , 005 
1 1 , 007 
pop 
2 1 , 011 
2 1 , 001 
2 1 , 009 
2 1 , 001 
2 1 , 012 
2 1 , 013 
2 1 , 010 
2 1 , 014 
2 1 , 015 
2 1 , 016 
2 1 , 012 
2 1 , 005 
2 1 , 010 
2 1 , 005 
2 1 , 005 
2 1 , 017 
2 1 , 004 
2 1 , 018 
2 1 , 001 
2 1 , 012 
pop 
3 1 , 019 
3 1 , 001 
3 1 , 004 
3 1 , 001 
3 1 , 004 
3 1 , 005 
3 1 , 020 
3 1 , 001 
3 1 , 004 
3 1 , 016 
3 1 , 010 
3 1 , 001 
3 1 , 012 
3 1 , 009 
3 1 , 021 
3 1 , 004 
3 1 , 020 
3 1 , 004 
3 1 , 019 
3 1 , 005 
pop 
4 1 , 006 
4 1 , 006 
4 1 , 001 
4 1 , 022 
4 1 , 010 
4 1 , 016 
4 1 , 002 
4 1 , 002 
4 1 , 012 
4 1 , 007 
4 1 , 001 
4 1 , 023 
4 1 , 001 
4 1 , 005 
4 1 , 012 
4 1 , 002 
4 1 , 003 
4 1 , 010 
4 1 , 019 
4 1 , 024 
pop 
5 1 , 001 
5 1 , 010 
5 1 , 025 
5 1 , 005 
5 1 , 005 
5 1 , 001 
5 1 , 026 
5 1 , 012 
5 1 , 010 
5 1 , 001 
5 1 , 007 
5 1 , 008 
5 1 , 001 
5 1 , 002 
5 1 , 005 
5 1 , 010 
5 1 , 007 
5 1 , 027 
5 1 , 016 
5 1 , 005 
pop 
6 1 , 001 
6 1 , 010 
6 1 , 016 
6 1 , 028 
6 1 , 001 
6 1 , 007 
6 1 , 019 
6 1 , 002 
6 1 , 019 
6 1 , 016 
6 1 , 019 
6 1 , 016 
6 1 , 010 
6 1 , 019 
6 1 , 010 
6 1 , 005 
6 1 , 019 
6 1 , 025 
6 1 , 019 
6 1 , 005 
pop 
7 1 , 019 
7 1 , 029 
7 1 , 001 
7 1 , 005 
7 1 , 019 
7 1 , 020 
7 1 , 001 
7 1 , 007 
7 1 , 005 
7 1 , 019 
7 1 , 019 
7 1 , 019 
7 1 , 001 
7 1 , 020 
7 1 , 014 
7 1 , 030 
7 1 , 031 
7 1 , 031 
7 1 , 005 
7 1 , 001 
pop 
8 1 , 001 
8 1 , 010 
8 1 , 002 
8 1 , 001 
8 1 , 019 
8 1 , 002 
8 1 , 001 
8 1 , 004 
8 1 , 005 
8 1 , 005 
8 1 , 001 
8 1 , 006 
8 1 , 005 
8 1 , 005 
8 1 , 001 
8 1 , 001 
8 1 , 004 
8 1 , 010 
8 1 , 001 
8 1 , 001 
pop 
9 1 , 010 
9 1 , 005 
9 1 , 010 
9 1 , 001 
9 1 , 002 
9 1 , 002 
9 1 , 019 
9 1 , 008 
9 1 , 005 
9 1 , 001 
9 1 , 020 
9 1 , 005 
9 1 , 001 
9 1 , 002 
9 1 , 019 
9 1 , 019 
9 1 , 007 
9 1 , 008 
9 1 , 004 
9 1 , 005 
pop 
10 1 , 012 
10 1 , 005 
10 1 , 002 
10 1 , 019 
10 1 , 005 
10 1 , 001 
10 1 , 009 
10 1 , 001 
10 1 , 012 
10 1 , 004 
10 1 , 016 
10 1 , 004 
10 1 , 001 
10 1 , 005 
10 1 , 016 
10 1 , 010 
10 1 , 019 
10 1 , 019 
10 1 , 029 
10 1 , 006 
