This sample file has been generated by the IBDSim program.
locus1_HKY85
pop 
1 1 , 001 
1 1 , 002 
1 1 , 003 
1 1 , 004 
1 1 , 005 
1 1 , 006 
1 1 , 007 
1 1 , 008 
1 1 , 009 
1 1 , 009 
1 1 , 001 
1 1 , 002 
1 1 , 004 
1 1 , 010 
1 1 , 002 
1 1 , 007 
1 1 , 009 
1 1 , 001 
1 1 , 002 
1 1 , 005 
pop 
2 1 , 011 
2 1 , 004 
2 1 , 004 
2 1 , 012 
2 1 , 007 
2 1 , 004 
2 1 , 004 
2 1 , 005 
2 1 , 009 
2 1 , 003 
2 1 , 007 
2 1 , 013 
2 1 , 009 
2 1 , 004 
2 1 , 008 
2 1 , 002 
2 1 , 014 
2 1 , 006 
2 1 , 004 
2 1 , 011 
pop 
3 1 , 001 
3 1 , 013 
3 1 , 014 
3 1 , 009 
3 1 , 002 
3 1 , 013 
3 1 , 015 
3 1 , 003 
3 1 , 013 
3 1 , 004 
3 1 , 007 
3 1 , 002 
3 1 , 004 
3 1 , 002 
3 1 , 004 
3 1 , 016 
3 1 , 017 
3 1 , 005 
3 1 , 013 
3 1 , 004 
pop 
4 1 , 009 
4 1 , 011 
4 1 , 002 
4 1 , 002 
4 1 , 014 
4 1 , 018 
4 1 , 011 
4 1 , 013 
4 1 , 001 
4 1 , 013 
4 1 , 002 
4 1 , 009 
4 1 , 015 
4 1 , 002 
4 1 , 004 
4 1 , 001 
4 1 , 013 
4 1 , 009 
4 1 , 011 
4 1 , 019 
pop 
5 1 , 007 
5 1 , 020 
5 1 , 009 
5 1 , 004 
5 1 , 004 
5 1 , 005 
5 1 , 001 
5 1 , 021 
5 1 , 006 
5 1 , 004 
5 1 , 022 
5 1 , 002 
5 1 , 011 
5 1 , 009 
5 1 , 013 
5 1 , 023 
5 1 , 022 
5 1 , 007 
5 1 , 002 
5 1 , 005 
pop 
6 1 , 024 
6 1 , 025 
6 1 , 007 
6 1 , 006 
6 1 , 009 
6 1 , 009 
6 1 , 001 
6 1 , 023 
6 1 , 009 
6 1 , 023 
6 1 , 002 
6 1 , 011 
6 1 , 006 
6 1 , 015 
6 1 , 004 
6 1 , 026 
6 1 , 009 
6 1 , 002 
6 1 , 004 
6 1 , 004 
pop 
7 1 , 005 
7 1 , 004 
7 1 , 005 
7 1 , 027 
7 1 , 002 
7 1 , 028 
7 1 , 007 
7 1 , 009 
7 1 , 007 
7 1 , 011 
7 1 , 004 
7 1 , 002 
7 1 , 004 
7 1 , 009 
7 1 , 004 
7 1 , 027 
7 1 , 014 
7 1 , 029 
7 1 , 008 
7 1 , 004 
pop 
8 1 , 030 
8 1 , 014 
8 1 , 014 
8 1 , 028 
8 1 , 004 
8 1 , 004 
8 1 , 006 
8 1 , 003 
8 1 , 031 
8 1 , 032 
8 1 , 001 
8 1 , 027 
8 1 , 001 
8 1 , 010 
8 1 , 009 
8 1 , 027 
8 1 , 014 
8 1 , 004 
8 1 , 004 
8 1 , 006 
pop 
9 1 , 033 
9 1 , 002 
9 1 , 006 
9 1 , 009 
9 1 , 004 
9 1 , 005 
9 1 , 031 
9 1 , 031 
9 1 , 005 
9 1 , 004 
9 1 , 001 
9 1 , 009 
9 1 , 008 
9 1 , 007 
9 1 , 004 
9 1 , 004 
9 1 , 029 
9 1 , 009 
9 1 , 002 
9 1 , 009 
pop 
10 1 , 007 
10 1 , 004 
10 1 , 001 
10 1 , 002 
10 1 , 018 
10 1 , 004 
10 1 , 011 
10 1 , 009 
10 1 , 004 
10 1 , 014 
10 1 , 032 
10 1 , 001 
10 1 , 001 
10 1 , 014 
10 1 , 009 
10 1 , 004 
10 1 , 034 
10 1 , 007 
10 1 , 002 
10 1 , 005 
