1 1 1 1 0.0952632
2 1 1 1 0.08475
2 1 2 1 0.0821053
3 1 1 1 0.0935
3 1 2 1 0.0875
3 1 3 1 0.0794737
4 1 1 1 0.0945
4 1 2 1 0.08775
4 1 3 1 0.08975
4 1 4 1 0.0884211
5 1 1 1 0.101
5 1 2 1 0.09375
5 1 3 1 0.092
5 1 4 1 0.09725
5 1 5 1 0.0957895
6 1 1 1 0.07525
6 1 2 1 0.0705
6 1 3 1 0.07125
6 1 4 1 0.073
6 1 5 1 0.075
6 1 6 1 0.0615789
7 1 1 1 0.093
7 1 2 1 0.08475
7 1 3 1 0.0845
7 1 4 1 0.08725
7 1 5 1 0.1015
7 1 6 1 0.07325
7 1 7 1 0.0889474
8 1 1 1 0.0865
8 1 2 1 0.082
8 1 3 1 0.08225
8 1 4 1 0.08075
8 1 5 1 0.09175
8 1 6 1 0.0705
8 1 7 1 0.0845
8 1 8 1 0.0810526
9 1 1 1 0.09025
9 1 2 1 0.08325
9 1 3 1 0.0845
9 1 4 1 0.09
9 1 5 1 0.0925
9 1 6 1 0.07475
9 1 7 1 0.089
9 1 8 1 0.084
9 1 9 1 0.0815789
10 1 1 1 0.092
10 1 2 1 0.09225
10 1 3 1 0.085
10 1 4 1 0.09425
10 1 5 1 0.097
10 1 6 1 0.075
10 1 7 1 0.093
10 1 8 1 0.08675
10 1 9 1 0.0905
10 1 10 1 0.102105
