  -10         0        0 0.000000000000 0.000000000000 
   -9         0        0 0.000000000000 0.000000000000 
   -8         0        0 0.000000000000 0.000000000000 
   -7         0        0 0.000000000000 0.000000000000 
   -6         0        0 0.000000000000 0.000000000000 
   -5         0        0 0.000000000000 0.000000000000 
   -4         0        0 0.000000000000 0.000000000000 
   -3         0        0 0.000000000000 0.000000000000 
   -2         0        0 0.000000000000 0.000000000000 
   -1       622        0 0.000439041055 0.000000000000 
    0   1415495  1416724 0.999132505696 1.000000000000 
    1       607        0 0.000428453248 0.000000000000 
    2         0        0 0.000000000000 0.000000000000 
    3         0        0 0.000000000000 0.000000000000 
    4         0        0 0.000000000000 0.000000000000 
    5         0        0 0.000000000000 0.000000000000 
    6         0        0 0.000000000000 0.000000000000 
    7         0        0 0.000000000000 0.000000000000 
    8         0        0 0.000000000000 0.000000000000 
    9         0        0 0.000000000000 0.000000000000 
   10         0        0 0.000000000000 0.000000000000 
Various statistics on the whole empirical distribution (non-central moments)
mean =  -0.00001059   0.00000000 
non-central sigma≤  =   0.00086749   0.00000000 
non-central kurtosis= 1149.74532140   0.00000000 
non-central skewness=  -0.01220504   0.00000000 
Various statistics on the semi empirical distribution (one side, axial dispersal, central moments)
mean axial dispersal =   0.00086749   0.00000000 
central/axial sigma≤  =   0.00086674   0.00000000 
central/axial kurtosis= 1147.74618965   0.00000000 
central/axial skewness=   0.99826501   0.00000000