  -10         0        0 0.000000000000 0.000000000000 
   -9         0        0 0.000000000000 0.000000000000 
   -8         0        0 0.000000000000 0.000000000000 
   -7         0        0 0.000000000000 0.000000000000 
   -6         0        0 0.000000000000 0.000000000000 
   -5         0        0 0.000000000000 0.000000000000 
   -4         0        0 0.000000000000 0.000000000000 
   -3         0        0 0.000000000000 0.000000000000 
   -2         0        0 0.000000000000 0.000000000000 
   -1       673        0 0.000476945395 0.000000000000 
    0   1409745  1411063 0.999065952406 1.000000000000 
    1       645        0 0.000457102199 0.000000000000 
    2         0        0 0.000000000000 0.000000000000 
    3         0        0 0.000000000000 0.000000000000 
    4         0        0 0.000000000000 0.000000000000 
    5         0        0 0.000000000000 0.000000000000 
    6         0        0 0.000000000000 0.000000000000 
    7         0        0 0.000000000000 0.000000000000 
    8         0        0 0.000000000000 0.000000000000 
    9         0        0 0.000000000000 0.000000000000 
   10         0        0 0.000000000000 0.000000000000 
Various statistics on the whole empirical distribution (non-central moments)
mean =  -0.00001984   0.00000000 
non-central sigma≤  =   0.00093405   0.00000000 
non-central kurtosis= 1067.60925645   0.00000000 
non-central skewness=  -0.02124431   0.00000000 
Various statistics on the semi empirical distribution (one side, axial dispersal, central moments)
mean axial dispersal =   0.00093405   0.00000000 
central/axial sigma≤  =   0.00093318   0.00000000 
central/axial kurtosis= 1065.61019137   0.00000000 
central/axial skewness=   0.99813190   0.00000000