#     Qr( 0)     meanQr( 0)     Qr( 1)     meanQr( 1)     Qr( 2)     meanQr( 2)     Qr( 3)     meanQr( 3)     Qr( 4)     meanQr( 4)     Qr( 5)     meanQr( 5)     Qr( 6)     meanQr( 6)     Qr( 7)     meanQr( 7)     Qr( 8)     meanQr( 8)     Qr( 9)     meanQr( 9)   
1 0.1347368421 0.1347368421 0.0905555556 0.0905555556 0.0631250000 0.0631250000 0.0432142857 0.0432142857 0.0366666667 0.0366666667 0.0130000000 0.0130000000 0.0181250000 0.0181250000 0.0083333333 0.0083333333 0.0012500000 0.0012500000 0.0000000000 0.0000000000 
2 0.2547368421 0.1947368421 0.2397222222 0.1651388889 0.1975000000 0.1303125000 0.1550000000 0.0991071429 0.1354166667 0.0860416667 0.1165000000 0.0647500000 0.0837500000 0.0509375000 0.0500000000 0.0291666667 0.0000000000 0.0006250000 0.0000000000 0.0000000000 
3 0.2205263158 0.2033333333 0.1761111111 0.1687962963 0.1553125000 0.1386458333 0.1367857143 0.1116666667 0.1066666667 0.0929166667 0.0665000000 0.0653333333 0.0518750000 0.0512500000 0.0325000000 0.0302777778 0.0150000000 0.0054166667 0.0025000000 0.0008333333 
4 0.2431578947 0.2132894737 0.2033333333 0.1774305556 0.1475000000 0.1408593750 0.0928571429 0.1069642857 0.0562500000 0.0837500000 0.0245000000 0.0551250000 0.0018750000 0.0389062500 0.0025000000 0.0233333333 0.0025000000 0.0046875000 0.0050000000 0.0018750000 
5 0.1542105263 0.2014736842 0.1105555556 0.1640555556 0.0850000000 0.1296875000 0.0571428571 0.0970000000 0.0433333333 0.0756666667 0.0540000000 0.0549000000 0.0193750000 0.0350000000 0.0291666667 0.0245000000 0.0350000000 0.0107500000 0.0000000000 0.0015000000 
6 0.1710526316 0.1964035088 0.1452777778 0.1609259259 0.1031250000 0.1252604167 0.0785714286 0.0939285714 0.0679166667 0.0743750000 0.0610000000 0.0559166667 0.0381250000 0.0355208333 0.0241666667 0.0244444444 0.0100000000 0.0106250000 0.0050000000 0.0020833333 
7 0.2278947368 0.2009022556 0.1747222222 0.1628968254 0.0853125000 0.1195535714 0.0353571429 0.0855612245 0.0133333333 0.0656547619 0.0045000000 0.0485714286 0.0125000000 0.0322321429 0.0000000000 0.0209523810 0.0000000000 0.0091071429 0.0000000000 0.0017857143 
8 0.1663157895 0.1965789474 0.1436111111 0.1604861111 0.0946875000 0.1164453125 0.0600000000 0.0823660714 0.0333333333 0.0616145833 0.0235000000 0.0454375000 0.0162500000 0.0302343750 0.0100000000 0.0195833333 0.0062500000 0.0087500000 0.0000000000 0.0015625000 
9 0.1036842105 0.1862573099 0.0663888889 0.1500308642 0.0396875000 0.1079166667 0.0417857143 0.0778571429 0.0175000000 0.0567129630 0.0145000000 0.0420000000 0.0212500000 0.0292361111 0.0183333333 0.0194444444 0.0087500000 0.0087500000 0.0025000000 0.0016666667 
10 0.2010526316 0.1877368421 0.1513888889 0.1501666667 0.1018750000 0.1073125000 0.0864285714 0.0787142857 0.0591666667 0.0569583333 0.0725000000 0.0450500000 0.0737500000 0.0336875000 0.0275000000 0.0202500000 0.0575000000 0.0136250000 0.0600000000 0.0075000000 
11 0.1794736842 0.1869856459 0.1125000000 0.1467424242 0.0918750000 0.1059090909 0.0767857143 0.0785389610 0.0579166667 0.0570454545 0.0380000000 0.0444090909 0.0750000000 0.0374431818 0.0350000000 0.0215909091 0.0412500000 0.0161363636 0.0300000000 0.0095454545 
12 0.1678947368 0.1853947368 0.1341666667 0.1456944444 0.0990625000 0.1053385417 0.0750000000 0.0782440476 0.0587500000 0.0571875000 0.0645000000 0.0460833333 0.0818750000 0.0411458333 0.1175000000 0.0295833333 0.1637500000 0.0284375000 0.1575000000 0.0218750000 
13 0.1778947368 0.1848178138 0.1169444444 0.1434829060 0.0846875000 0.1037500000 0.0657142857 0.0772802198 0.0550000000 0.0570192308 0.0490000000 0.0463076923 0.0431250000 0.0412980769 0.0158333333 0.0285256410 0.0075000000 0.0268269231 0.0000000000 0.0201923077 
14 0.1468421053 0.1821052632 0.1091666667 0.1410317460 0.0850000000 0.1024107143 0.0639285714 0.0763265306 0.0600000000 0.0572321429 0.0575000000 0.0471071429 0.0456250000 0.0416071429 0.0233333333 0.0281547619 0.0075000000 0.0254464286 0.0025000000 0.0189285714 
15 0.1642105263 0.1809122807 0.1275000000 0.1401296296 0.1003125000 0.1022708333 0.0675000000 0.0757380952 0.0554166667 0.0571111111 0.0445000000 0.0469333333 0.0243750000 0.0404583333 0.0083333333 0.0268333333 0.0000000000 0.0237500000 0.0000000000 0.0176666667 
16 0.2315789474 0.1840789474 0.1986111111 0.1437847222 0.1559375000 0.1056250000 0.1178571429 0.0783705357 0.0829166667 0.0587239583 0.0540000000 0.0473750000 0.0306250000 0.0398437500 0.0183333333 0.0263020833 0.0000000000 0.0222656250 0.0000000000 0.0165625000 
17 0.1310526316 0.1809597523 0.0886111111 0.1405392157 0.0531250000 0.1025367647 0.0221428571 0.0750630252 0.0075000000 0.0557107843 0.0065000000 0.0449705882 0.0037500000 0.0377205882 0.0050000000 0.0250490196 0.0000000000 0.0209558824 0.0000000000 0.0155882353 
18 0.1557894737 0.1795614035 0.0541666667 0.1357407407 0.0318750000 0.0986111111 0.0460714286 0.0734523810 0.0337500000 0.0544907407 0.0290000000 0.0440833333 0.0362500000 0.0376388889 0.0400000000 0.0258796296 0.0287500000 0.0213888889 0.0350000000 0.0166666667 
19 0.1547368421 0.1782548476 0.1111111111 0.1344444444 0.0743750000 0.0973355263 0.0457142857 0.0719924812 0.0379166667 0.0536184211 0.0290000000 0.0432894737 0.0343750000 0.0374671053 0.0133333333 0.0252192982 0.0125000000 0.0209210526 0.0025000000 0.0159210526 
20 0.1742105263 0.1780526316 0.1338888889 0.1344166667 0.1228125000 0.0986093750 0.1057142857 0.0736785714 0.0958333333 0.0557291667 0.1165000000 0.0469500000 0.0981250000 0.0405000000 0.1050000000 0.0292083333 0.0487500000 0.0223125000 0.0050000000 0.0153750000 
21 0.2242105263 0.1802506266 0.1716666667 0.1361904762 0.1390625000 0.1005357143 0.1128571429 0.0755442177 0.0666666667 0.0562500000 0.0425000000 0.0467380952 0.0337500000 0.0401785714 0.0216666667 0.0288492063 0.0562500000 0.0239285714 0.0950000000 0.0191666667 
22 0.1668421053 0.1796411483 0.1061111111 0.1348232323 0.0681250000 0.0990625000 0.0325000000 0.0735876623 0.0566666667 0.0562689394 0.0650000000 0.0475681818 0.0875000000 0.0423295455 0.0783333333 0.0310984848 0.0612500000 0.0256250000 0.0100000000 0.0187500000 
23 0.1689473684 0.1791762014 0.1194444444 0.1341545894 0.0803125000 0.0982472826 0.0507142857 0.0725931677 0.0291666667 0.0550905797 0.0195000000 0.0463478261 0.0000000000 0.0404891304 0.0000000000 0.0297463768 0.0000000000 0.0245108696 0.0000000000 0.0179347826 
24 0.1515789474 0.1780263158 0.1113888889 0.1332060185 0.0737500000 0.0972265625 0.0692857143 0.0724553571 0.0404166667 0.0544791667 0.0225000000 0.0453541667 0.0318750000 0.0401302083 0.0158333333 0.0291666667 0.0187500000 0.0242708333 0.0225000000 0.0181250000 
25 0.2347368421 0.1802947368 0.2066666667 0.1361444444 0.1721875000 0.1002250000 0.1410714286 0.0752000000 0.0979166667 0.0562166667 0.0435000000 0.0452800000 0.0393750000 0.0401000000 0.0375000000 0.0295000000 0.0137500000 0.0238500000 0.0025000000 0.0175000000 
26 0.1815789474 0.1803441296 0.1544444444 0.1368482906 0.1253125000 0.1011899038 0.1317857143 0.0773763736 0.1250000000 0.0588621795 0.1145000000 0.0479423077 0.0906250000 0.0420432692 0.1250000000 0.0331730769 0.1762500000 0.0297115385 0.1375000000 0.0221153846 
27 0.2157894737 0.1816569201 0.1494444444 0.1373148148 0.1175000000 0.1017939815 0.0839285714 0.0776190476 0.0654166667 0.0591049383 0.0720000000 0.0488333333 0.0518750000 0.0424074074 0.0208333333 0.0327160494 0.0187500000 0.0293055556 0.0125000000 0.0217592593 
28 0.2005263158 0.1823308271 0.1461111111 0.1376289683 0.0837500000 0.1011495536 0.0410714286 0.0763137755 0.0433333333 0.0585416667 0.0205000000 0.0478214286 0.0137500000 0.0413839286 0.0041666667 0.0316964286 0.0025000000 0.0283482143 0.0000000000 0.0209821429 
29 0.1147368421 0.1800000000 0.0922222222 0.1360632184 0.0612500000 0.0997737069 0.0392857143 0.0750369458 0.0287500000 0.0575143678 0.0175000000 0.0467758621 0.0156250000 0.0404956897 0.0125000000 0.0310344828 0.0050000000 0.0275431034 0.0000000000 0.0202586207 
30 0.1431578947 0.1787719298 0.1261111111 0.1357314815 0.0853125000 0.0992916667 0.0521428571 0.0742738095 0.0466666667 0.0571527778 0.0360000000 0.0464166667 0.0181250000 0.0397500000 0.0058333333 0.0301944444 0.0037500000 0.0267500000 0.0000000000 0.0195833333 
31 0.1973684211 0.1793718166 0.1502777778 0.1362007168 0.1168750000 0.0998588710 0.1146428571 0.0755760369 0.0912500000 0.0582526882 0.0620000000 0.0469193548 0.0462500000 0.0399596774 0.0516666667 0.0308870968 0.0175000000 0.0264516129 0.0200000000 0.0195967742 
32 0.1463157895 0.1783388158 0.0925000000 0.1348350694 0.0765625000 0.0991308594 0.0564285714 0.0749776786 0.0458333333 0.0578645833 0.0215000000 0.0461250000 0.0181250000 0.0392773437 0.0391666667 0.0311458333 0.0400000000 0.0268750000 0.0350000000 0.0200781250 
33 0.1694736842 0.1780701754 0.1197222222 0.1343771044 0.0803125000 0.0985606061 0.0439285714 0.0740367965 0.0437500000 0.0574368687 0.0460000000 0.0461212121 0.0443750000 0.0394318182 0.0250000000 0.0309595960 0.0125000000 0.0264393939 0.0125000000 0.0198484848 
34 0.1894736842 0.1784055728 0.1652777778 0.1352859477 0.1265625000 0.0993841912 0.1039285714 0.0749159664 0.0570833333 0.0574264706 0.0250000000 0.0455000000 0.0075000000 0.0384926471 0.0025000000 0.0301225490 0.0012500000 0.0256985294 0.0000000000 0.0192647059 
35 0.1621052632 0.1779398496 0.0905555556 0.1340079365 0.0881250000 0.0990625000 0.0610714286 0.0745204082 0.0295833333 0.0566309524 0.0180000000 0.0447142857 0.0100000000 0.0376785714 0.0150000000 0.0296904762 0.0000000000 0.0249642857 0.0000000000 0.0187142857 
36 0.1326315789 0.1766812865 0.0833333333 0.1326003086 0.0493750000 0.0976822917 0.0310714286 0.0733134921 0.0158333333 0.0554976852 0.0170000000 0.0439444444 0.0081250000 0.0368576389 0.0000000000 0.0288657407 0.0000000000 0.0242708333 0.0000000000 0.0181944444 
37 0.1126315789 0.1749502134 0.0747222222 0.1310360360 0.0525000000 0.0964611486 0.0232142857 0.0719594595 0.0237500000 0.0546396396 0.0130000000 0.0431081081 0.0175000000 0.0363344595 0.0075000000 0.0282882883 0.0050000000 0.0237500000 0.0000000000 0.0177027027 
38 0.1436842105 0.1741274238 0.0933333333 0.1300438596 0.0675000000 0.0956990132 0.0485714286 0.0713439850 0.0266666667 0.0539035088 0.0175000000 0.0424342105 0.0125000000 0.0357072368 0.0033333333 0.0276315789 0.0000000000 0.0231250000 0.0000000000 0.0172368421 
39 0.1852631579 0.1744129555 0.1438888889 0.1303988604 0.1181250000 0.0962740385 0.0917857143 0.0718681319 0.0812500000 0.0546047009 0.0960000000 0.0438076923 0.0662500000 0.0364903846 0.0466666667 0.0281196581 0.0625000000 0.0241346154 0.0850000000 0.0189743590 
40 0.2405263158 0.1760657895 0.1822222222 0.1316944444 0.1240625000 0.0969687500 0.1092857143 0.0728035714 0.1579166667 0.0571875000 0.1630000000 0.0467875000 0.1268750000 0.0387500000 0.0591666667 0.0288958333 0.0387500000 0.0245000000 0.0175000000 0.0189375000 
41 0.1878947368 0.1763543004 0.1338888889 0.1317479675 0.0931250000 0.0968750000 0.0682142857 0.0726916376 0.0541666667 0.0571138211 0.0680000000 0.0473048780 0.0812500000 0.0397865854 0.0366666667 0.0290853659 0.0212500000 0.0244207317 0.0200000000 0.0189634146 
42 0.1657894737 0.1761027569 0.0988888889 0.1309656085 0.0775000000 0.0964136905 0.0857142857 0.0730017007 0.0541666667 0.0570436508 0.0280000000 0.0468452381 0.0243750000 0.0394196429 0.0233333333 0.0289484127 0.0162500000 0.0242261905 0.0300000000 0.0192261905 
43 0.1831578947 0.1762668299 0.1438888889 0.1312661499 0.1184375000 0.0969258721 0.1007142857 0.0736461794 0.0904166667 0.0578197674 0.0975000000 0.0480232558 0.0993750000 0.0408139535 0.1041666667 0.0306976744 0.0787500000 0.0254941860 0.1125000000 0.0213953488 
44 0.1400000000 0.1754425837 0.1011111111 0.1305808081 0.0656250000 0.0962144886 0.0542857143 0.0732061688 0.0512500000 0.0576704545 0.0585000000 0.0482613636 0.0662500000 0.0413920455 0.0850000000 0.0319318182 0.1137500000 0.0275000000 0.1000000000 0.0231818182 
45 0.1305263158 0.1744444444 0.0952777778 0.1297962963 0.0865625000 0.0960000000 0.0696428571 0.0731269841 0.0537500000 0.0575833333 0.0465000000 0.0482222222 0.0356250000 0.0412638889 0.0233333333 0.0317407407 0.0212500000 0.0273611111 0.0050000000 0.0227777778 
46 0.1342105263 0.1735697941 0.1236111111 0.1296618357 0.1071875000 0.0962432065 0.0789285714 0.0732531056 0.0658333333 0.0577626812 0.0350000000 0.0479347826 0.0156250000 0.0407065217 0.0125000000 0.0313224638 0.0100000000 0.0269836957 0.0150000000 0.0226086957 
47 0.1131578947 0.1722844345 0.0844444444 0.1286997636 0.0506250000 0.0952726064 0.0450000000 0.0726519757 0.0383333333 0.0573492908 0.0085000000 0.0470957447 0.0037500000 0.0399202128 0.0016666667 0.0306914894 0.0012500000 0.0264361702 0.0000000000 0.0221276596 
48 0.1800000000 0.1724451754 0.1255555556 0.1286342593 0.0928125000 0.0952213542 0.0664285714 0.0725223214 0.0645833333 0.0575000000 0.0250000000 0.0466354167 0.0137500000 0.0393750000 0.0108333333 0.0302777778 0.0000000000 0.0258854167 0.0000000000 0.0216666667 
49 0.1705263158 0.1724060150 0.1052777778 0.1281575964 0.0743750000 0.0947959184 0.0367857143 0.0717930029 0.0254166667 0.0568452381 0.0085000000 0.0458571429 0.0068750000 0.0387117347 0.0050000000 0.0297619048 0.0075000000 0.0255102041 0.0000000000 0.0212244898 
50 0.1336842105 0.1716315789 0.0861111111 0.1273166667 0.0546875000 0.0939937500 0.0475000000 0.0713071429 0.0295833333 0.0563000000 0.0355000000 0.0456500000 0.0300000000 0.0385375000 0.0391666667 0.0299500000 0.0325000000 0.0256500000 0.0200000000 0.0212000000 
51 0.1647368421 0.1714963880 0.1200000000 0.1271732026 0.0643750000 0.0934129902 0.0532142857 0.0709523810 0.0400000000 0.0559803922 0.0400000000 0.0455392157 0.0431250000 0.0386274510 0.0350000000 0.0300490196 0.0587500000 0.0262990196 0.0450000000 0.0216666667 
52 0.1278947368 0.1706578947 0.0891666667 0.1264423077 0.0381250000 0.0923497596 0.0250000000 0.0700686813 0.0283333333 0.0554487179 0.0220000000 0.0450865385 0.0081250000 0.0380408654 0.0041666667 0.0295512821 0.0000000000 0.0257932692 0.0000000000 0.0212500000 
53 0.2352631579 0.1718768620 0.1938888889 0.1277148847 0.1618750000 0.0936615566 0.1325000000 0.0712466307 0.1254166667 0.0567688679 0.1430000000 0.0469339623 0.1937500000 0.0409787736 0.2133333333 0.0330188679 0.1737500000 0.0285849057 0.2625000000 0.0258018868 
54 0.1226315789 0.1709649123 0.0841666667 0.1269084362 0.0634375000 0.0931018519 0.0503571429 0.0708597884 0.0433333333 0.0565200617 0.0220000000 0.0464722222 0.0300000000 0.0407754630 0.0291666667 0.0329475309 0.0762500000 0.0294675926 0.0950000000 0.0270833333 
55 0.1573684211 0.1707177033 0.0805555556 0.1260656566 0.0703125000 0.0926875000 0.0528571429 0.0705324675 0.0370833333 0.0561666667 0.0325000000 0.0462181818 0.0125000000 0.0402613636 0.0108333333 0.0325454545 0.0037500000 0.0290000000 0.0025000000 0.0266363636 
56 0.1426315789 0.1702161654 0.1075000000 0.1257341270 0.0753125000 0.0923772321 0.0439285714 0.0700573980 0.0308333333 0.0557142857 0.0300000000 0.0459285714 0.0218750000 0.0399330357 0.0108333333 0.0321577381 0.0037500000 0.0285491071 0.0050000000 0.0262500000 
57 0.3031578947 0.1725484765 0.2675000000 0.1282212476 0.2256250000 0.0947149123 0.2003571429 0.0723433584 0.1766666667 0.0578362573 0.1345000000 0.0474824561 0.1025000000 0.0410307018 0.0358333333 0.0322222222 0.0200000000 0.0283991228 0.0050000000 0.0258771930 
58 0.2547368421 0.1739655172 0.2097222222 0.1296264368 0.1443750000 0.0955711207 0.0875000000 0.0726046798 0.0720833333 0.0580818966 0.0505000000 0.0475344828 0.0393750000 0.0410021552 0.0050000000 0.0317528736 0.0100000000 0.0280818966 0.0000000000 0.0254310345 
59 0.1415789474 0.1734165923 0.1091666667 0.1292796610 0.0759375000 0.0952383475 0.0457142857 0.0721489104 0.0154166667 0.0573587571 0.0140000000 0.0469661017 0.0043750000 0.0403813559 0.0041666667 0.0312853107 0.0037500000 0.0276694915 0.0000000000 0.0250000000 
60 0.2015789474 0.1738859649 0.1211111111 0.1291435185 0.0646875000 0.0947291667 0.0503571429 0.0717857143 0.0687500000 0.0575486111 0.0340000000 0.0467500000 0.0250000000 0.0401250000 0.0241666667 0.0311666667 0.0025000000 0.0272500000 0.0000000000 0.0245833333 
61 0.1557894737 0.1735893011 0.1197222222 0.1289890710 0.0809375000 0.0945030738 0.0696428571 0.0717505855 0.0504166667 0.0574316940 0.0405000000 0.0466475410 0.0212500000 0.0398155738 0.0216666667 0.0310109290 0.0200000000 0.0271311475 0.0000000000 0.0241803279 
62 0.1584210526 0.1733446520 0.1208333333 0.1288575269 0.0640625000 0.0940120968 0.0375000000 0.0711981567 0.0237500000 0.0568884409 0.0055000000 0.0459838710 0.0050000000 0.0392540323 0.0050000000 0.0305913978 0.0000000000 0.0266935484 0.0000000000 0.0237903226 
63 0.1273684211 0.1726148705 0.0763888889 0.1280246914 0.0443750000 0.0932242063 0.0503571429 0.0708673469 0.0341666667 0.0565277778 0.0155000000 0.0455000000 0.0100000000 0.0387896825 0.0000000000 0.0301058201 0.0000000000 0.0262698413 0.0000000000 0.0234126984 
64 0.1978947368 0.1730098684 0.1672222222 0.1286371528 0.1390625000 0.0939404297 0.1225000000 0.0716741071 0.0916666667 0.0570768229 0.0770000000 0.0459921875 0.0518750000 0.0389941406 0.0533333333 0.0304687500 0.0212500000 0.0261914062 0.0100000000 0.0232031250 
65 0.1784210526 0.1730931174 0.1397222222 0.1288076923 0.0746875000 0.0936442308 0.0489285714 0.0713241758 0.0416666667 0.0568397436 0.0245000000 0.0456615385 0.0081250000 0.0385192308 0.0083333333 0.0301282051 0.0000000000 0.0257884615 0.0000000000 0.0228461538 
66 0.1594736842 0.1728867624 0.1266666667 0.1287752525 0.1121875000 0.0939251894 0.0957142857 0.0716937229 0.0675000000 0.0570012626 0.0500000000 0.0457272727 0.0237500000 0.0382954545 0.0275000000 0.0300883838 0.0275000000 0.0258143939 0.0525000000 0.0232954545 
67 0.2200000000 0.1735899450 0.1825000000 0.1295771144 0.1237500000 0.0943703358 0.0689285714 0.0716524520 0.0383333333 0.0567226368 0.0260000000 0.0454328358 0.0168750000 0.0379757463 0.0000000000 0.0296393035 0.0000000000 0.0254291045 0.0000000000 0.0229477612 
68 0.2068421053 0.1740789474 0.0880555556 0.1289665033 0.0675000000 0.0939751838 0.0903571429 0.0719275210 0.0425000000 0.0565134804 0.0235000000 0.0451102941 0.0443750000 0.0380698529 0.0716666667 0.0302573529 0.0062500000 0.0251470588 0.0425000000 0.0232352941 
69 0.1478947368 0.1736994661 0.1127777778 0.1287318841 0.0721875000 0.0936594203 0.0557142857 0.0716925466 0.0220833333 0.0560144928 0.0135000000 0.0446521739 0.0387500000 0.0380797101 0.0416666667 0.0304227053 0.0625000000 0.0256884058 0.0750000000 0.0239855072 
70 0.1673684211 0.1736090226 0.1472222222 0.1289960317 0.1159375000 0.0939776786 0.0925000000 0.0719897959 0.0691666667 0.0562023810 0.0595000000 0.0448642857 0.0406250000 0.0381160714 0.0241666667 0.0303333333 0.0437500000 0.0259464286 0.0350000000 0.0241428571 
71 0.1552631579 0.1733506301 0.1022222222 0.1286189358 0.0862500000 0.0938688380 0.0489285714 0.0716649899 0.0320833333 0.0558626761 0.0165000000 0.0444647887 0.0012500000 0.0375968310 0.0000000000 0.0299061033 0.0000000000 0.0255809859 0.0000000000 0.0238028169 
72 0.2300000000 0.1741374269 0.1325000000 0.1286728395 0.1281250000 0.0943446181 0.0903571429 0.0719246032 0.1225000000 0.0567881944 0.1025000000 0.0452708333 0.0725000000 0.0380815972 0.0166666667 0.0297222222 0.0175000000 0.0254687500 0.0000000000 0.0234722222 
73 0.1957894737 0.1744340303 0.1250000000 0.1286225266 0.0828125000 0.0941866438 0.0789285714 0.0720205479 0.0691666667 0.0569577626 0.0520000000 0.0453630137 0.0200000000 0.0378339041 0.0025000000 0.0293493151 0.0000000000 0.0251198630 0.0000000000 0.0231506849 
74 0.1226315789 0.1737339972 0.0783333333 0.1279429429 0.0746875000 0.0939231419 0.0710714286 0.0720077220 0.0441666667 0.0567849099 0.0230000000 0.0450608108 0.0062500000 0.0374070946 0.0041666667 0.0290090090 0.0012500000 0.0247972973 0.0000000000 0.0228378378 
75 0.1836842105 0.1738666667 0.1344444444 0.1280296296 0.1153125000 0.0942083333 0.0964285714 0.0723333333 0.1050000000 0.0574277778 0.0945000000 0.0457200000 0.0718750000 0.0378666667 0.0400000000 0.0291555556 0.0337500000 0.0249166667 0.0250000000 0.0228666667 
76 0.1884210526 0.1740581717 0.1347222222 0.1281176901 0.1087500000 0.0943996711 0.1085714286 0.0728101504 0.0654166667 0.0575328947 0.0750000000 0.0461052632 0.0756250000 0.0383634868 0.1108333333 0.0302302632 0.0725000000 0.0255427632 0.0300000000 0.0229605263 
77 0.1531578947 0.1737867396 0.1177777778 0.1279834055 0.1040625000 0.0945251623 0.0778571429 0.0728756957 0.0816666667 0.0578463203 0.0635000000 0.0463311688 0.0687500000 0.0387581169 0.0575000000 0.0305844156 0.0825000000 0.0262824675 0.0550000000 0.0233766234 
78 0.1442105263 0.1734075574 0.1038888889 0.1276745014 0.1065625000 0.0946794872 0.0825000000 0.0729990842 0.0566666667 0.0578311966 0.0300000000 0.0461217949 0.0125000000 0.0384214744 0.0191666667 0.0304380342 0.0075000000 0.0260416667 0.0000000000 0.0230769231 
79 0.1478947368 0.1730846103 0.1141666667 0.1275035162 0.0765625000 0.0944501582 0.0371428571 0.0725452080 0.0212500000 0.0573681435 0.0265000000 0.0458734177 0.0268750000 0.0382753165 0.0141666667 0.0302320675 0.0037500000 0.0257594937 0.0000000000 0.0227848101 
80 0.1084210526 0.1722763158 0.0722222222 0.1268125000 0.0531250000 0.0939335938 0.0346428571 0.0720714286 0.0270833333 0.0569895833 0.0185000000 0.0455312500 0.0200000000 0.0380468750 0.0158333333 0.0300520833 0.0075000000 0.0255312500 0.0000000000 0.0225000000 
81 0.1452631579 0.1719428200 0.1158333333 0.1266769547 0.0725000000 0.0936689815 0.0532142857 0.0718386243 0.0291666667 0.0566460905 0.0165000000 0.0451728395 0.0187500000 0.0378086420 0.0166666667 0.0298868313 0.0137500000 0.0253858025 0.0100000000 0.0223456790 
82 0.2873684211 0.1733504493 0.1966666667 0.1275304878 0.1878125000 0.0948170732 0.1521428571 0.0728179443 0.0487500000 0.0565497967 0.0670000000 0.0454390244 0.0087500000 0.0374542683 0.0083333333 0.0296239837 0.0000000000 0.0250762195 0.0000000000 0.0220731707 
83 0.1884210526 0.1735320228 0.1141666667 0.1273694779 0.0943750000 0.0948117470 0.0517857143 0.0725645439 0.0320833333 0.0562550201 0.0170000000 0.0450963855 0.0056250000 0.0370707831 0.0108333333 0.0293975904 0.0062500000 0.0248493976 0.0400000000 0.0222891566 
84 0.1657894737 0.1734398496 0.1058333333 0.1271130952 0.0993750000 0.0948660714 0.0642857143 0.0724659864 0.0691666667 0.0564087302 0.0525000000 0.0451845238 0.0418750000 0.0371279762 0.0450000000 0.0295833333 0.0800000000 0.0255059524 0.0875000000 0.0230654762 
85 0.1868421053 0.1735975232 0.1327777778 0.1271797386 0.1100000000 0.0950441176 0.0946428571 0.0727268908 0.0916666667 0.0568235294 0.0505000000 0.0452470588 0.0431250000 0.0371985294 0.0525000000 0.0298529412 0.0637500000 0.0259558824 0.1125000000 0.0241176471 
86 0.2615789474 0.1746205630 0.1827777778 0.1278262274 0.1362500000 0.0955232558 0.1335714286 0.0734343854 0.1220833333 0.0575823643 0.1020000000 0.0459069767 0.0587500000 0.0374491279 0.0600000000 0.0302034884 0.0625000000 0.0263808140 0.0000000000 0.0238372093 
87 0.1357894737 0.1741742287 0.1111111111 0.1276340996 0.0684375000 0.0952119253 0.0514285714 0.0731814450 0.0425000000 0.0574090038 0.0360000000 0.0457931034 0.0318750000 0.0373850575 0.0300000000 0.0302011494 0.0300000000 0.0264224138 0.0875000000 0.0245689655 
88 0.1826315789 0.1742703349 0.1405555556 0.1277809343 0.0912500000 0.0951669034 0.0642857143 0.0730803571 0.0370833333 0.0571780303 0.0250000000 0.0455568182 0.0118750000 0.0370951705 0.0058333333 0.0299242424 0.0000000000 0.0261221591 0.0000000000 0.0242897727 
89 0.1936842105 0.1744884684 0.1341666667 0.1278526841 0.0875000000 0.0950807584 0.0689285714 0.0730337079 0.0450000000 0.0570411985 0.0095000000 0.0451516854 0.0037500000 0.0367205056 0.0000000000 0.0295880150 0.0000000000 0.0258286517 0.0000000000 0.0240168539 
90 0.1873684211 0.1746315789 0.1441666667 0.1280339506 0.0965625000 0.0950972222 0.0667857143 0.0729642857 0.0670833333 0.0571527778 0.0835000000 0.0455777778 0.0656250000 0.0370416667 0.0825000000 0.0301759259 0.0525000000 0.0261250000 0.0000000000 0.0237500000 
91 0.1315789474 0.1741584731 0.1069444444 0.1278021978 0.0812500000 0.0949450549 0.0639285714 0.0728649922 0.0566666667 0.0571474359 0.0425000000 0.0455439560 0.0325000000 0.0369917582 0.0208333333 0.0300732601 0.0100000000 0.0259478022 0.0000000000 0.0234890110 
92 0.1057894737 0.1734153318 0.0733333333 0.1272101449 0.0471875000 0.0944259511 0.0217857143 0.0723097826 0.0200000000 0.0567436594 0.0120000000 0.0451793478 0.0062500000 0.0366576087 0.0025000000 0.0297735507 0.0000000000 0.0256657609 0.0100000000 0.0233423913 
93 0.2926315789 0.1746972269 0.2216666667 0.1282258065 0.2137500000 0.0957090054 0.1607142857 0.0732603687 0.1800000000 0.0580689964 0.0890000000 0.0456505376 0.1200000000 0.0375537634 0.1091666667 0.0306272401 0.1637500000 0.0271505376 0.0475000000 0.0236021505 
94 0.1273684211 0.1741937290 0.0858333333 0.1277748227 0.0553125000 0.0952792553 0.0260714286 0.0727583587 0.0216666667 0.0576817376 0.0125000000 0.0452978723 0.0087500000 0.0372473404 0.0100000000 0.0304078014 0.0087500000 0.0269547872 0.0000000000 0.0233510638 
95 0.1821052632 0.1742770083 0.1486111111 0.1279941520 0.0793750000 0.0951118421 0.0542857143 0.0725639098 0.0516666667 0.0576184211 0.0515000000 0.0453631579 0.0425000000 0.0373026316 0.0458333333 0.0305701754 0.0662500000 0.0273684211 0.0575000000 0.0237105263 
96 0.2700000000 0.1752741228 0.2144444444 0.1288946759 0.2031250000 0.0962369792 0.1992857143 0.0738839286 0.1933333333 0.0590321181 0.1810000000 0.0467760417 0.1350000000 0.0383203125 0.1466666667 0.0317795139 0.1662500000 0.0288151042 0.2450000000 0.0260156250 
97 0.2505263158 0.1760499186 0.1802777778 0.1294243986 0.1762500000 0.0970618557 0.1660714286 0.0748343152 0.1700000000 0.0601761168 0.1660000000 0.0480051546 0.1325000000 0.0392912371 0.1508333333 0.0330068729 0.1450000000 0.0300128866 0.0500000000 0.0262628866 
98 0.2263157895 0.1765628357 0.1777777778 0.1299178005 0.1371875000 0.0974713010 0.1121428571 0.0752150146 0.1304166667 0.0608928571 0.1235000000 0.0487755102 0.1356250000 0.0402742347 0.1233333333 0.0339285714 0.0625000000 0.0303443878 0.0200000000 0.0261989796 
99 0.2331578947 0.1771345029 0.2180555556 0.1308080808 0.1759375000 0.0982638889 0.1603571429 0.0760750361 0.1608333333 0.0619023569 0.1690000000 0.0499898990 0.1562500000 0.0414457071 0.1216666667 0.0348148148 0.0525000000 0.0305681818 0.0700000000 0.0266414141 
100 0.1231578947 0.1765947368 0.0669444444 0.1301694444 0.0506250000 0.0977875000 0.0378571429 0.0756928571 0.0216666667 0.0615000000 0.0160000000 0.0496500000 0.0106250000 0.0411375000 0.0141666667 0.0346083333 0.0075000000 0.0303375000 0.0050000000 0.0264250000 
