  -10         0        0 0.000000000000 0.000000000000 
   -9         0        0 0.000000000000 0.000000000000 
   -8         0        0 0.000000000000 0.000000000000 
   -7         0        0 0.000000000000 0.000000000000 
   -6         0        0 0.000000000000 0.000000000000 
   -5         0        0 0.000000000000 0.000000000000 
   -4         0        0 0.000000000000 0.000000000000 
   -3         0        0 0.000000000000 0.000000000000 
   -2         0        0 0.000000000000 0.000000000000 
   -1      4655        0 0.000451828703 0.000000000000 
    0  10293265 10302577 0.999096148468 1.000000000000 
    1      4657        0 0.000452022829 0.000000000000 
    2         0        0 0.000000000000 0.000000000000 
    3         0        0 0.000000000000 0.000000000000 
    4         0        0 0.000000000000 0.000000000000 
    5         0        0 0.000000000000 0.000000000000 
    6         0        0 0.000000000000 0.000000000000 
    7         0        0 0.000000000000 0.000000000000 
    8         0        0 0.000000000000 0.000000000000 
    9         0        0 0.000000000000 0.000000000000 
   10         0        0 0.000000000000 0.000000000000 
Various statistics on the whole empirical distribution (non-central moments)
mean =   0.00000019   0.00000000 
non-central sigma≤  =   0.00090385   0.00000000 
non-central kurtosis= 1103.37639605   0.00000000 
non-central skewness=   0.00021478   0.00000000 
Various statistics on the semi empirical distribution (one side, axial dispersal, central moments)
mean axial dispersal =   0.00090385   0.00000000 
central/axial sigma≤  =   0.00090303   0.00000000 
central/axial kurtosis= 1101.37730072   0.00000000 
central/axial skewness=   0.99819230   0.00000000