  -10         0        0 0.000000000000 0.000000000000 
   -9         0        0 0.000000000000 0.000000000000 
   -8         0        0 0.000000000000 0.000000000000 
   -7         0        0 0.000000000000 0.000000000000 
   -6         0        0 0.000000000000 0.000000000000 
   -5         0        0 0.000000000000 0.000000000000 
   -4         0        0 0.000000000000 0.000000000000 
   -3         0        0 0.000000000000 0.000000000000 
   -2         0        0 0.000000000000 0.000000000000 
   -1      6059        0 0.000445001253 0.000000000000 
    0  13603528 13615692 0.999106619039 1.000000000000 
    1      6105        0 0.000448379708 0.000000000000 
    2         0        0 0.000000000000 0.000000000000 
    3         0        0 0.000000000000 0.000000000000 
    4         0        0 0.000000000000 0.000000000000 
    5         0        0 0.000000000000 0.000000000000 
    6         0        0 0.000000000000 0.000000000000 
    7         0        0 0.000000000000 0.000000000000 
    8         0        0 0.000000000000 0.000000000000 
    9         0        0 0.000000000000 0.000000000000 
   10         0        0 0.000000000000 0.000000000000 
Various statistics on the whole empirical distribution (non-central moments)
mean =   0.00000338   0.00000000 
non-central sigma≤  =   0.00089338   0.00000000 
non-central kurtosis= 1116.34330812   0.00000000 
non-central skewness=   0.00378165   0.00000000 
Various statistics on the semi empirical distribution (one side, axial dispersal, central moments)
mean axial dispersal =   0.00089338   0.00000000 
central/axial sigma≤  =   0.00089258   0.00000000 
central/axial kurtosis= 1114.34420230   0.00000000 
central/axial skewness=   0.99821324   0.00000000