  -10         0        0 0.000000000000 0.000000000000 
   -9         0        0 0.000000000000 0.000000000000 
   -8         0        0 0.000000000000 0.000000000000 
   -7         0        0 0.000000000000 0.000000000000 
   -6         0        0 0.000000000000 0.000000000000 
   -5         0        0 0.000000000000 0.000000000000 
   -4         0        0 0.000000000000 0.000000000000 
   -3         0        0 0.000000000000 0.000000000000 
   -2         0        0 0.000000000000 0.000000000000 
   -1        97        0 0.000004459929 0.000000000000 
    0  21749028 21749224 0.999990988184 1.000000000000 
    1        99        0 0.000004551887 0.000000000000 
    2         0        0 0.000000000000 0.000000000000 
    3         0        0 0.000000000000 0.000000000000 
    4         0        0 0.000000000000 0.000000000000 
    5         0        0 0.000000000000 0.000000000000 
    6         0        0 0.000000000000 0.000000000000 
    7         0        0 0.000000000000 0.000000000000 
    8         0        0 0.000000000000 0.000000000000 
    9         0        0 0.000000000000 0.000000000000 
   10         0        0 0.000000000000 0.000000000000 
Various statistics on the whole empirical distribution (non-central moments)
mean =   0.00000009   0.00000000 
non-central sigma≤  =   0.00000901   0.00000000 
non-central kurtosis= 110962.42857143   0.00000000 
non-central skewness=   0.01020408   0.00000000 
Various statistics on the semi empirical distribution (one side, axial dispersal, central moments)
mean axial dispersal =   0.00000901   0.00000000 
central/axial sigma≤  =   0.00000901   0.00000000 
central/axial kurtosis= 110960.42858044   0.00000000 
central/axial skewness=   0.99998198   0.00000000