1 10. pareto2_m4.txt under HKY85; 10 x 1 haploid idividuals  evolving at G=0 on a 10 x 1 lattice with absorbing boundaries; mutation proba=5e-05; replicate # 4; Mrca Moy= 17776.1; MRCA MAX=39811
20 pop51
1     , 1 1 1 1 1 1 1 1 1 1
1     , 2 1 1 2 2 2 2 1 2 2
2     , 2 2 1 2 2 2 1 2 1 2
2     , 3 1 1 1 1 3 3 2 2 2
3     , 2 3 1 2 3 3 3 3 2 2
3     , 1 2 1 1 1 3 4 3 1 2
4     , 1 4 1 2 1 3 3 2 2 2
4     , 2 1 1 3 1 3 4 1 1 3
5     , 2 2 1 2 1 4 1 1 1 2
5     , 4 1 1 4 1 5 1 3 2 2
6     , 2 1 1 4 1 5 1 2 1 4
6     , 2 2 1 2 1 5 1 1 2 2
7     , 2 1 1 2 1 3 1 1 1 2
7     , 5 2 1 1 4 3 1 1 1 2
8     , 2 2 1 1 1 5 3 1 2 5
8     , 3 4 1 2 1 3 1 2 2 1
9     , 1 1 1 1 1 2 1 4 2 2
9     , 2 4 1 2 2 3 1 2 2 4
10     , 1 2 2 2 1 3 4 1 3 1
10     , 6 1 1 2 1 3 1 5 2 1
20 pop151
11     , 6 1 1 2 2 1 1 1 2 2
11     , 1 5 1 1 1 5 1 2 1 1
12     , 5 1 1 3 2 3 1 1 2 2
12     , 1 2 1 1 2 3 3 1 2 2
13     , 3 4 1 2 1 3 3 1 4 2
13     , 7 2 1 2 1 3 3 1 2 2
14     , 2 1 1 2 1 3 4 2 3 2
14     , 2 2 1 4 5 3 1 4 2 2
15     , 2 2 1 1 2 3 1 2 2 2
15     , 3 2 1 4 3 5 4 2 2 2
16     , 4 2 1 2 1 5 3 1 1 1
16     , 3 2 1 1 1 2 1 1 2 2
17     , 1 2 1 1 1 3 3 1 2 2
17     , 6 2 1 1 1 5 3 4 2 2
18     , 2 1 1 1 1 5 1 2 2 6
18     , 3 3 1 3 1 1 3 1 1 2
19     , 2 4 1 2 1 1 3 4 5 2
19     , 1 2 1 1 1 5 1 3 1 2
20     , 1 2 1 1 1 5 3 1 2 2
20     , 5 2 1 1 1 5 1 1 2 2
20 pop251
21     , 5 5 1 3 1 5 1 1 3 2
21     , 4 4 1 1 1 2 1 3 2 2
22     , 8 1 1 2 2 5 1 4 1 2
22     , 2 2 1 1 1 5 4 1 4 5
23     , 2 3 1 4 1 3 4 2 1 7
23     , 1 2 1 1 1 3 1 2 2 2
24     , 3 4 1 2 1 3 1 2 3 2
24     , 1 1 1 3 1 1 3 1 2 2
25     , 1 5 1 2 2 3 3 1 2 2
25     , 3 2 1 2 2 3 1 1 2 2
26     , 4 4 1 2 3 5 1 2 1 2
26     , 3 2 1 1 2 2 1 4 1 2
27     , 1 2 1 1 1 2 3 1 1 2
27     , 3 1 1 5 1 5 3 1 6 5
28     , 2 1 1 2 2 2 3 2 1 2
28     , 3 4 1 2 3 3 3 1 1 2
29     , 3 1 2 2 5 2 3 1 2 1
29     , 2 2 1 2 1 3 1 4 1 1
30     , 1 1 1 2 1 2 1 2 1 2
30     , 4 4 1 1 1 1 1 1 1 2
20 pop351
31     , 1 2 1 4 2 2 3 2 2 2
31     , 1 1 1 2 3 3 1 1 1 2
32     , 1 2 1 4 1 2 3 2 1 1
32     , 3 2 2 1 2 3 1 1 2 2
33     , 2 2 1 1 1 3 1 1 2 2
33     , 4 1 1 6 3 2 3 2 2 6
34     , 1 1 1 4 2 3 3 1 1 2
34     , 5 1 1 4 1 1 3 5 3 6
35     , 2 2 1 1 2 3 3 2 2 1
35     , 3 1 1 1 1 3 1 3 1 2
36     , 4 1 1 4 1 5 3 1 1 2
36     , 2 6 1 6 1 5 1 1 2 2
37     , 5 2 1 2 3 1 1 4 1 1
37     , 9 1 1 2 2 1 3 1 1 4
38     , 5 2 1 6 3 5 1 1 2 2
38     , 5 2 1 4 1 5 3 1 2 2
39     , 2 2 1 2 2 3 4 5 2 5
39     , 3 5 1 4 2 5 1 4 2 8
40     , 3 2 2 1 1 3 1 2 2 2
40     , 7 2 1 1 1 2 3 3 2 2
20 pop451
41     , 10 1 1 2 2 5 3 5 2 2
41     , 1 2 1 2 1 3 1 1 1 2
42     , 3 2 1 6 1 3 1 1 3 2
42     , 1 4 1 2 2 1 3 1 1 2
43     , 5 1 1 6 1 1 2 2 2 1
43     , 2 4 1 6 1 2 3 2 2 2
44     , 2 2 1 1 1 5 1 1 1 5
44     , 2 2 1 4 1 5 3 4 1 2
45     , 2 2 3 1 1 2 3 1 2 2
45     , 3 2 3 4 1 4 1 1 1 2
46     , 1 2 1 1 5 3 1 4 2 2
46     , 2 2 1 2 1 1 3 3 7 2
47     , 2 1 1 1 1 3 3 2 2 2
47     , 5 2 1 3 1 2 1 1 2 2
48     , 9 2 1 1 5 3 1 1 2 2
48     , 2 4 1 7 6 3 1 2 2 2
49     , 3 4 1 2 1 3 3 1 2 2
49     , 2 2 1 2 2 3 3 2 2 1
50     , 4 4 2 2 3 3 1 1 1 2
50     , 1 2 1 6 3 2 1 1 2 2
20 pop551
51     , 3 2 1 2 1 2 1 2 2 2
51     , 1 1 1 3 1 2 3 5 2 2
52     , 3 2 2 4 3 5 1 1 2 7
52     , 2 5 2 4 2 5 4 2 2 1
53     , 2 2 1 1 2 3 1 1 2 6
53     , 3 5 1 1 3 3 1 2 1 2
54     , 1 2 1 2 1 5 1 2 1 2
54     , 2 1 1 4 5 5 3 1 1 2
55     , 1 1 1 4 2 5 1 1 1 1
55     , 2 1 1 2 1 3 3 2 1 2
56     , 2 2 1 1 1 3 1 2 2 2
56     , 3 2 1 1 2 3 5 4 2 4
57     , 1 4 1 6 4 3 1 4 1 5
57     , 1 2 1 2 2 3 1 2 2 2
58     , 1 4 1 4 1 3 3 3 2 2
58     , 1 1 1 1 1 5 3 4 1 2
59     , 2 4 1 4 1 1 3 2 1 2
59     , 1 6 1 2 2 3 1 1 1 2
60     , 2 4 1 4 2 4 3 1 2 1
60     , 5 1 1 2 1 5 3 2 2 1
20 pop651
61     , 2 1 2 1 3 1 3 1 2 2
61     , 2 4 1 1 1 3 3 2 1 1
62     , 3 2 1 6 1 5 1 3 2 2
62     , 3 2 1 4 5 3 3 2 2 2
63     , 5 2 1 2 1 5 1 4 2 2
63     , 3 1 1 2 2 2 3 5 2 1
64     , 6 2 2 4 2 3 4 1 3 2
64     , 2 2 1 1 6 3 3 2 2 2
65     , 3 1 1 2 1 5 5 2 3 1
65     , 3 1 3 3 2 5 1 1 1 2
66     , 2 2 1 5 1 4 1 1 2 2
66     , 1 2 1 3 1 1 3 4 1 1
67     , 1 2 1 1 1 4 4 1 1 6
67     , 3 2 1 1 1 3 1 1 1 1
68     , 3 2 1 1 1 1 4 2 2 2
68     , 5 2 2 4 2 3 4 2 1 4
69     , 1 1 2 3 2 3 1 2 1 2
69     , 2 1 1 2 1 2 1 4 2 2
70     , 2 2 1 1 5 2 3 4 2 2
70     , 5 1 1 2 1 1 3 1 2 2
20 pop751
71     , 2 1 1 2 1 3 1 1 3 2
71     , 4 3 1 3 1 5 1 3 1 2
72     , 5 4 1 2 3 5 3 2 2 2
72     , 2 4 1 4 1 1 3 3 2 1
73     , 3 2 1 4 1 2 1 1 2 2
73     , 2 1 1 1 1 2 3 5 1 4
74     , 2 2 1 3 3 3 1 1 3 1
74     , 4 2 1 4 1 3 1 1 2 1
75     , 3 2 1 1 1 2 1 1 2 2
75     , 5 2 1 1 6 3 1 1 2 6
76     , 3 1 1 1 3 2 1 1 3 2
76     , 2 1 1 4 2 2 1 1 2 1
77     , 6 4 3 2 1 1 1 2 2 2
77     , 9 2 2 1 1 2 3 3 2 2
78     , 5 1 3 1 1 2 4 5 2 1
78     , 6 2 1 2 2 3 1 1 1 4
79     , 1 2 1 1 1 1 1 1 2 2
79     , 3 1 1 1 2 5 1 4 3 2
80     , 3 1 1 1 2 3 3 4 2 2
80     , 8 1 1 2 2 2 1 2 2 2
20 pop851
81     , 1 2 1 2 3 1 3 4 1 2
81     , 4 1 1 1 2 5 1 1 2 6
82     , 4 1 1 4 1 3 3 3 1 2
82     , 2 4 1 1 3 3 3 1 1 6
83     , 1 2 1 4 1 3 1 1 1 2
83     , 2 1 1 1 3 2 1 5 1 2
84     , 2 1 1 1 2 5 3 2 2 2
84     , 2 2 1 2 4 3 1 1 1 4
85     , 1 2 1 1 2 3 1 1 5 2
85     , 6 1 2 1 1 1 3 2 2 2
86     , 3 2 1 2 3 3 1 4 1 1
86     , 2 1 3 2 4 3 3 1 1 1
87     , 3 2 2 4 1 5 1 1 2 2
87     , 2 2 1 4 1 2 3 1 2 2
88     , 3 2 1 5 1 5 1 2 1 2
88     , 3 1 1 1 1 3 3 1 1 2
89     , 5 3 1 2 5 3 1 1 2 1
89     , 8 4 1 2 1 5 1 4 3 2
90     , 5 2 1 1 6 2 4 1 2 2
90     , 3 2 1 4 5 3 3 2 2 2
20 pop951
91     , 3 2 1 6 1 2 1 3 1 2
91     , 2 1 1 2 2 5 1 1 2 2
92     , 4 2 1 2 1 2 1 2 2 2
92     , 2 1 1 2 2 1 3 2 1 1
93     , 3 4 1 2 1 5 1 2 2 2
93     , 3 1 2 1 1 3 1 1 3 2
94     , 1 2 1 3 1 5 1 1 1 1
94     , 2 1 3 6 1 2 1 1 3 8
95     , 8 4 1 4 1 1 1 2 2 2
95     , 2 2 1 2 1 2 3 1 2 4
96     , 3 1 1 2 1 2 1 2 1 2
96     , 2 1 1 4 5 3 3 1 1 2
97     , 3 1 1 2 1 3 3 1 2 2
97     , 1 2 1 1 1 1 3 1 1 2
98     , 8 2 1 1 3 3 3 1 1 2
98     , 10 1 1 2 1 5 3 1 1 2
99     , 3 1 1 2 3 4 3 2 1 2
99     , 2 2 1 1 6 3 1 1 1 2
100     , 4 1 1 1 1 3 3 3 3 2
100     , 5 1 1 4 5 6 3 2 2 2
