10 10 . A series of simulated samples. 1 panmictic pop Ne=1million, growing from Ne=10000, 10000 gens ago. Fastsimcoal.
20 Pop5
1_1       522.503 514.472 492.517 503.533 486.502 502.471 515.510 501.520 476.504 521.469
1_2       488.470 493.508 501.523 487.497 487.502 516.525 519.471 479.520 527.527 529.498
1_3       513.530 526.520 529.516 507.533 485.503 522.496 516.521 471.503 483.514 517.487
1_4       525.521 484.504 514.527 521.470 470.494 519.524 511.476 517.470 506.483 500.533
1_5       505.476 495.493 506.474 529.488 532.508 510.503 517.482 520.486 492.508 490.480
1_6       529.529 499.482 517.502 529.474 483.472 519.469 526.513 511.518 516.500 502.528
1_7       521.526 480.533 496.503 484.530 513.493 469.496 504.527 530.493 496.492 507.475
1_8       498.478 499.521 496.487 507.511 509.497 502.469 527.489 527.511 517.527 475.492
1_9       489.487 514.481 493.491 524.478 485.500 528.506 487.503 509.520 517.492 511.498
1_10      497.478 495.487 475.473 532.528 522.487 471.532 501.483 487.532 513.492 513.488
1_11      484.507 529.511 529.526 489.471 513.521 508.527 489.489 508.483 490.475 482.474
1_12      529.508 479.486 520.516 485.491 510.485 471.479 499.504 530.502 513.526 512.475
1_13      521.496 514.505 472.475 478.528 485.481 515.505 516.518 495.504 505.497 533.499
1_14      497.472 496.512 531.510 513.522 495.468 507.475 506.524 495.468 527.500 483.486
1_15      499.521 495.531 532.524 503.507 518.507 470.501 531.520 521.497 479.479 504.509
1_16      504.506 490.487 532.500 500.499 509.514 475.472 484.483 522.530 494.515 496.499
1_17      469.483 489.514 521.528 488.501 483.514 481.529 473.514 531.495 500.507 485.472
1_18      500.482 513.490 522.517 470.479 495.487 474.528 524.473 524.493 496.481 514.514
1_19      504.487 523.502 500.472 489.484 502.528 516.506 481.499 516.504 500.494 504.510
1_20      498.514 492.515 471.502 499.483 523.527 514.517 480.475 502.485 496.519 478.511
20 Pop15
1_21      515.475 493.504 505.492 488.517 487.518 502.508 501.506 476.529 507.491 533.474
1_22      473.502 484.469 521.529 526.507 469.495 510.473 515.475 533.486 482.524 530.497
1_23      514.492 520.484 492.526 503.495 527.496 507.529 484.525 515.480 484.479 522.531
1_24      529.512 507.487 481.533 522.524 495.486 493.481 515.473 520.484 491.482 479.490
1_25      488.473 486.492 507.506 502.526 528.473 509.495 498.514 489.468 479.490 469.504
1_26      483.516 501.500 492.502 518.477 531.493 533.527 517.530 488.485 526.491 513.507
1_27      468.481 498.486 523.532 499.500 504.477 527.473 479.516 493.504 470.496 507.473
1_28      507.469 520.489 474.493 521.489 524.516 498.532 487.523 519.476 512.495 477.513
1_29      486.480 483.490 492.495 472.512 530.483 502.480 485.520 525.470 476.484 492.491
1_30      524.499 511.527 476.532 470.518 515.470 506.479 517.498 510.532 524.524 483.475
1_31      475.512 527.516 489.497 522.514 519.520 476.529 519.507 480.469 473.496 514.522
1_32      492.488 481.526 477.530 506.507 531.528 520.476 525.499 470.501 501.518 473.513
1_33      471.507 510.504 482.501 496.486 468.471 478.506 504.516 515.529 511.493 503.479
1_34      532.515 491.476 481.489 507.474 477.506 480.505 513.486 519.525 505.502 475.522
1_35      495.471 516.501 533.519 494.516 470.525 500.520 478.491 492.514 485.487 517.489
1_36      490.501 518.478 513.514 480.499 468.496 531.469 521.500 529.512 519.509 469.483
1_37      477.492 487.496 510.496 485.477 486.482 532.505 518.499 531.517 492.479 472.480
1_38      499.510 501.475 507.482 502.528 468.532 529.488 473.525 508.520 501.532 481.490
1_39      484.525 473.494 518.506 509.499 527.524 517.526 515.485 532.512 507.492 488.496
1_40      469.526 500.523 529.526 525.503 479.485 517.469 505.515 498.504 502.498 469.527
20 Pop25
1_41      511.515 505.498 475.493 477.485 522.513 485.506 481.517 513.529 479.533 513.475
1_42      474.490 494.517 517.517 516.483 515.497 493.496 509.502 484.517 490.525 527.529
1_43      496.468 523.488 528.532 496.509 473.509 497.498 528.490 519.515 502.509 495.515
1_44      506.499 494.482 532.488 510.524 497.513 519.516 502.499 521.511 519.499 513.476
1_45      530.478 480.504 528.518 509.477 486.527 472.523 513.525 489.506 502.518 475.528
1_46      501.490 514.478 497.500 472.528 500.481 522.530 512.519 516.512 481.507 488.478
1_47      471.508 491.486 531.504 495.478 502.533 523.472 532.470 517.514 501.516 495.473
1_48      486.488 474.512 497.483 486.491 498.483 525.520 533.530 502.509 474.528 480.484
1_49      475.483 487.518 489.497 519.513 481.516 508.510 498.483 486.520 533.480 468.502
1_50      517.469 479.485 480.470 483.532 511.495 487.495 477.479 485.500 471.505 473.493
1_51      498.521 496.507 480.523 471.503 470.524 523.497 523.473 533.495 487.509 529.485
1_52      503.487 488.482 476.533 498.480 518.484 527.509 520.510 487.501 527.493 487.523
1_53      470.510 528.481 492.505 493.506 478.504 523.521 500.481 529.472 489.473 492.492
1_54      486.470 517.480 483.521 476.490 469.497 471.523 484.530 475.504 503.524 486.496
1_55      469.510 516.533 514.479 514.469 502.480 503.481 495.500 528.484 513.496 491.492
1_56      469.490 519.498 488.524 501.483 530.482 522.515 530.520 475.503 525.517 490.487
1_57      522.512 488.492 532.524 491.488 471.523 531.519 525.517 491.468 525.478 526.503
1_58      499.497 495.519 473.523 482.529 487.481 519.531 527.513 514.484 491.484 472.487
1_59      532.503 517.519 482.502 526.531 479.489 480.483 484.510 480.473 487.495 504.488
1_60      513.525 522.486 491.470 520.493 520.498 522.494 471.517 490.504 530.494 488.471
20 Pop35
1_61      525.468 492.474 496.513 530.514 474.476 527.498 507.472 507.529 492.489 493.504
1_62      529.502 529.525 502.532 502.513 494.522 484.523 520.528 472.489 500.471 500.502
1_63      486.500 532.493 525.485 508.509 515.504 477.530 525.515 501.488 527.526 498.473
1_64      533.532 478.530 483.496 525.503 483.488 489.519 514.481 487.492 519.526 476.532
1_65      477.506 492.530 493.502 527.529 487.505 471.468 519.469 481.532 469.495 491.510
1_66      512.510 497.486 475.475 518.500 524.500 509.521 476.473 520.506 482.484 532.480
1_67      503.497 494.479 527.481 519.484 524.523 476.529 533.476 474.501 509.508 497.501
1_68      480.519 507.496 470.515 525.519 468.469 522.530 475.501 479.516 499.468 513.492
1_69      492.525 513.494 501.480 530.477 528.498 529.508 472.498 504.528 500.496 522.525
1_70      501.473 491.531 506.498 483.500 502.524 516.517 482.532 488.474 485.476 470.504
1_71      493.491 520.506 526.470 513.495 486.472 468.470 514.530 503.475 508.502 483.530
1_72      473.485 486.493 524.506 512.518 526.492 490.480 533.478 504.531 485.501 489.498
1_73      510.500 520.484 515.502 480.507 516.490 516.506 486.483 516.506 481.481 478.520
1_74      532.506 478.493 493.524 521.489 521.478 495.491 478.514 532.481 482.497 485.476
1_75      512.508 500.531 524.527 511.506 524.519 531.524 492.520 470.532 501.478 530.502
1_76      529.515 480.486 481.489 473.513 487.531 508.496 499.521 515.524 476.525 520.488
1_77      508.513 521.494 531.525 485.475 468.498 524.525 515.524 480.476 524.482 516.497
1_78      505.507 475.490 480.532 526.526 524.488 469.510 498.531 515.470 497.494 507.472
1_79      519.516 497.513 469.495 518.532 531.471 530.514 521.503 507.501 477.476 514.531
1_80      511.490 475.494 501.515 489.483 495.468 522.523 486.477 488.532 504.494 510.507
20 Pop45
1_81      525.473 502.481 526.488 521.483 477.494 496.523 514.532 517.528 481.522 472.495
1_82      500.524 501.503 528.533 531.487 508.481 513.494 508.504 468.495 481.506 533.488
1_83      484.482 515.486 476.481 528.526 508.512 517.497 527.513 473.480 484.527 526.490
1_84      477.475 487.492 498.473 527.513 501.476 497.512 500.526 509.520 475.468 475.490
1_85      526.470 487.511 501.514 527.515 477.527 475.504 509.526 483.481 470.528 470.498
1_86      511.485 514.514 509.500 486.485 480.503 476.489 488.521 476.516 476.480 531.491
1_87      490.527 479.526 515.492 498.506 477.521 508.513 469.471 509.491 521.523 514.513
1_88      513.480 531.532 474.523 531.494 529.483 529.503 480.478 504.522 491.531 476.479
1_89      494.472 503.497 499.497 469.475 495.485 496.519 526.479 482.508 487.524 487.523
1_90      517.484 480.506 484.476 525.529 480.484 504.517 526.521 499.507 485.495 495.487
1_91      529.521 524.512 484.515 495.524 497.527 511.500 504.524 528.513 469.513 471.515
1_92      471.470 493.518 516.496 473.508 502.490 481.496 515.531 488.513 527.500 519.512
1_93      521.508 519.480 524.523 510.506 522.489 505.501 475.529 495.520 475.528 483.482
1_94      494.508 532.482 490.522 529.521 495.484 507.508 475.508 500.491 491.485 486.511
1_95      511.507 493.518 494.500 477.518 480.486 511.504 492.528 511.528 510.507 504.490
1_96      479.472 495.525 494.483 504.525 469.498 509.530 499.479 521.532 510.518 503.519
1_97      487.482 474.487 487.498 472.497 519.490 530.504 479.478 533.493 492.502 495.488
1_98      510.505 490.520 508.507 492.472 531.490 478.508 514.515 505.509 532.524 488.522
1_99      468.482 483.488 496.492 500.527 520.522 516.487 503.485 525.512 492.526 501.478
1_100     495.490 533.482 512.479 495.483 481.476 529.473 521.525 516.517 520.487 475.530
20 Pop55
1_101     525.490 518.492 523.475 531.474 527.492 524.468 532.520 480.517 478.503 489.531
1_102     522.484 529.528 486.533 502.482 528.485 524.494 516.502 530.469 495.472 507.474
1_103     487.524 486.529 479.531 516.505 470.521 503.522 481.483 514.479 505.495 515.513
1_104     499.502 507.499 504.504 514.527 509.491 489.521 522.471 496.500 523.492 494.507
1_105     498.512 486.532 527.517 497.496 527.492 528.509 529.476 508.509 494.510 526.506
1_106     477.500 475.486 508.514 521.496 482.502 470.509 479.482 476.497 491.497 515.506
1_107     529.491 517.495 471.498 522.504 513.481 476.475 482.479 488.489 495.476 488.492
1_108     501.526 484.501 508.516 488.518 495.488 496.468 533.529 490.480 484.505 508.492
1_109     484.531 497.532 526.531 515.500 491.479 471.522 497.529 503.489 479.526 504.528
1_110     469.521 531.521 489.495 484.521 510.473 490.525 470.510 532.474 505.525 485.477
1_111     524.522 475.481 486.490 515.512 485.518 513.522 511.519 533.480 500.480 512.480
1_112     486.495 516.492 485.496 518.521 509.477 511.495 512.511 484.488 509.505 496.502
1_113     485.489 488.483 525.481 499.484 512.499 507.503 479.499 489.493 514.491 492.523
1_114     516.513 486.490 524.501 479.487 486.517 528.531 531.491 492.512 490.502 472.501
1_115     512.474 493.518 520.486 522.510 475.532 473.486 486.525 516.490 520.495 531.531
1_116     505.478 509.529 496.494 485.514 473.478 533.494 518.485 519.470 498.498 499.523
1_117     522.527 503.492 510.527 495.473 478.517 482.473 487.504 488.494 478.494 503.488
1_118     531.469 484.500 495.480 497.473 523.472 516.531 510.509 470.509 508.524 509.520
1_119     532.506 472.491 518.487 531.529 487.489 468.530 522.499 479.524 499.499 524.528
1_120     478.528 499.494 509.499 520.512 521.481 506.494 527.485 484.509 505.511 531.475
20 Pop65
1_121     504.527 496.518 470.496 525.520 469.500 517.528 468.499 505.468 528.481 497.531
1_122     512.494 497.495 511.528 479.478 490.502 525.482 526.523 473.496 495.503 488.532
1_123     500.525 522.526 516.487 528.529 520.472 525.469 475.485 524.481 492.516 515.501
1_124     530.482 492.517 506.473 526.498 486.489 506.517 521.470 470.497 497.486 522.487
1_125     507.501 493.485 507.523 526.501 531.478 504.474 530.497 470.516 476.526 486.501
1_126     507.512 517.493 501.513 530.513 519.503 527.530 516.491 533.473 511.504 495.477
1_127     496.489 470.488 482.492 500.490 492.531 479.503 475.502 533.515 523.485 473.485
1_128     532.524 495.524 472.476 477.502 519.506 502.481 506.522 516.522 507.527 514.498
1_129     520.504 496.521 507.479 533.512 471.489 476.524 510.479 495.473 520.488 524.473
1_130     515.480 491.530 529.485 497.527 509.485 498.473 503.516 495.475 482.481 501.519
1_131     520.515 499.489 485.502 533.504 470.496 519.497 516.532 492.492 482.488 488.486
1_132     495.494 476.517 492.501 520.515 477.485 468.487 473.475 496.517 479.496 516.527
1_133     470.490 520.532 506.481 530.532 528.483 529.507 500.515 484.506 515.508 532.474
1_134     503.508 507.532 519.483 530.488 520.474 500.522 478.486 528.519 470.492 488.501
1_135     513.530 510.484 524.519 487.526 488.525 493.510 507.497 505.533 520.499 514.470
1_136     532.505 517.495 502.487 474.499 485.503 493.480 501.511 518.483 500.485 488.512
1_137     490.495 500.514 530.513 485.489 468.518 490.510 495.526 487.468 512.484 489.531
1_138     478.471 479.490 492.492 478.529 484.529 470.513 529.500 470.470 469.500 518.516
1_139     490.511 516.485 521.522 508.487 476.483 491.509 516.498 483.533 520.508 514.533
1_140     502.532 485.483 506.485 507.515 498.502 508.522 501.481 533.470 485.504 488.503
20 Pop75
1_141     513.524 524.485 481.496 506.482 484.514 473.510 524.524 496.517 468.517 478.500
1_142     532.512 495.512 489.526 494.515 526.527 530.477 525.523 489.487 503.487 495.516
1_143     489.499 513.477 474.483 499.485 522.476 469.477 531.498 486.518 502.532 483.469
1_144     505.487 521.484 482.470 471.486 521.469 529.525 497.517 481.487 527.478 520.477
1_145     526.524 519.499 533.497 508.483 519.477 524.492 514.509 484.515 506.508 533.492
1_146     499.516 514.506 528.489 530.496 506.520 512.490 480.519 533.499 493.513 528.505
1_147     508.499 496.520 496.513 531.475 482.488 523.501 483.512 494.511 494.478 489.477
1_148     512.511 498.524 488.496 483.485 526.502 476.528 511.502 532.503 473.499 476.492
1_149     501.495 484.495 479.520 508.523 530.482 512.522 529.490 516.531 507.501 474.487
1_150     470.496 479.520 488.506 525.518 522.470 496.483 486.522 482.512 502.519 472.528
1_151     508.530 492.511 528.475 516.496 482.473 495.516 510.482 487.488 508.470 492.490
1_152     513.480 476.495 530.483 529.483 487.502 472.482 529.521 473.478 492.520 526.506
1_153     513.493 497.484 495.522 474.499 481.524 504.472 502.530 482.479 533.527 506.495
1_154     528.493 524.508 492.475 508.521 522.476 516.512 506.507 489.503 483.500 492.504
1_155     526.477 483.527 471.512 515.523 515.527 519.519 495.501 532.470 496.506 484.504
1_156     489.487 487.482 531.487 474.482 478.504 518.506 469.532 518.499 482.505 529.486
1_157     504.525 519.486 482.475 525.487 526.525 499.521 526.483 530.522 492.529 516.493
1_158     469.471 516.529 520.502 475.481 479.470 504.509 477.476 468.528 479.499 491.485
1_159     480.533 503.491 523.514 470.518 490.477 506.526 492.502 533.515 495.483 486.482
1_160     508.490 481.497 520.528 501.531 484.499 527.472 469.511 507.532 521.496 512.489
20 Pop85
1_161     497.503 474.486 482.496 479.507 530.523 469.473 495.495 503.528 502.509 475.496
1_162     527.504 518.499 482.526 477.530 526.482 498.472 509.481 519.498 498.533 488.474
1_163     480.510 495.494 493.532 500.473 525.479 518.491 513.510 516.487 497.529 472.488
1_164     487.498 489.490 487.526 527.506 502.469 519.519 502.530 500.505 486.494 473.522
1_165     484.487 503.512 475.492 486.484 519.494 473.497 524.515 502.469 520.509 487.487
1_166     511.503 490.503 518.482 518.473 506.477 471.528 499.487 487.491 502.496 476.492
1_167     521.498 522.518 501.497 514.487 486.494 491.517 515.470 509.523 528.505 527.519
1_168     497.504 481.517 516.507 475.524 475.509 515.517 478.514 531.516 526.482 520.515
1_169     490.491 470.473 522.528 475.497 472.520 473.502 532.519 522.485 479.508 501.495
1_170     508.486 488.494 533.519 499.480 526.503 468.508 516.511 509.517 510.477 488.522
1_171     530.508 481.475 515.506 498.491 491.498 532.506 529.501 507.522 521.522 513.510
1_172     504.481 516.521 494.530 520.474 482.483 510.532 513.505 526.490 526.487 501.502
1_173     529.482 514.510 530.479 528.478 514.481 474.502 506.526 515.517 522.505 472.484
1_174     513.472 478.481 481.488 520.488 521.500 529.504 475.502 525.533 517.470 495.529
1_175     474.531 532.480 498.475 506.502 528.484 476.471 510.520 511.487 511.519 486.477
1_176     533.497 511.469 483.498 509.491 486.531 477.529 478.519 514.532 508.485 511.482
1_177     528.474 496.490 502.490 504.494 513.526 531.522 506.499 527.485 528.484 479.469
1_178     528.511 524.492 494.509 482.525 476.471 533.496 514.520 533.471 512.493 512.515
1_179     502.515 475.497 499.482 521.529 493.508 531.476 491.521 500.475 486.507 473.531
1_180     482.486 470.500 473.501 530.470 489.488 516.470 490.517 531.488 515.520 496.468
20 Pop95
1_181     500.473 480.494 512.494 528.481 494.512 507.501 469.507 468.485 490.495 490.494
1_182     523.486 494.491 482.494 478.530 482.485 472.497 505.533 512.506 504.495 504.518
1_183     469.495 526.503 493.471 520.525 516.490 472.473 473.478 507.522 485.493 507.492
1_184     517.510 499.493 519.470 499.510 486.490 502.468 500.473 512.532 475.472 529.484
1_185     486.499 509.521 480.502 522.504 484.520 492.501 485.533 493.489 516.492 489.522
1_186     532.505 485.494 486.482 480.506 488.498 530.477 500.476 472.481 496.513 475.512
1_187     473.474 523.496 532.530 482.483 529.495 499.516 473.519 487.523 507.478 472.485
1_188     489.529 475.490 516.531 486.488 523.498 531.522 521.516 511.529 526.513 532.528
1_189     495.484 524.471 509.514 476.487 478.498 513.517 532.501 532.483 493.524 490.484
1_190     476.476 517.500 499.498 510.521 481.492 502.505 530.519 523.511 477.509 487.507
1_191     532.506 518.525 509.520 486.505 485.495 516.468 512.501 529.529 502.478 498.532
1_192     481.527 518.487 500.516 527.516 482.527 489.477 517.520 515.491 514.532 518.508
1_193     502.512 470.496 473.484 503.485 520.528 509.476 479.484 485.489 473.492 474.469
1_194     500.478 499.494 486.494 484.521 485.532 529.516 518.524 508.533 494.524 522.482
1_195     473.472 506.484 498.479 496.529 523.519 530.488 477.516 515.468 506.508 518.505
1_196     493.476 487.488 509.529 512.475 519.526 526.476 517.520 513.473 516.508 487.531
1_197     528.528 477.490 473.496 478.504 480.511 518.505 523.505 469.523 526.528 472.483
1_198     529.481 498.483 528.515 485.508 526.469 491.501 528.482 504.491 520.491 495.495
1_199     530.485 483.490 501.524 495.502 510.495 517.479 482.495 469.528 484.488 521.527
1_200     500.480 506.504 498.484 479.483 484.522 528.517 515.515 502.509 478.496 475.499
