10 10 . A series of simulated samples. 1 panmictic pop Ne=1million, growing from Ne=10000, 10000 gens ago. Fastsimcoal.
20 Pop5
1_1       526.505 513.470 479.517 523.508 490.502 478.532 476.519 531.493 493.529 499.475
1_2       512.476 504.478 489.472 495.512 510.476 494.468 469.531 506.532 500.509 518.517
1_3       480.514 476.523 514.514 522.484 519.491 503.504 487.470 516.492 489.505 518.491
1_4       504.509 479.479 484.526 482.509 511.485 504.512 482.505 474.487 489.477 530.481
1_5       471.487 503.474 470.524 489.495 470.474 478.498 477.479 478.530 483.481 521.497
1_6       518.513 470.487 512.522 525.504 517.511 471.492 533.478 487.501 477.497 497.481
1_7       469.489 516.486 479.479 487.477 471.485 514.472 503.495 515.508 483.532 476.491
1_8       490.507 492.496 517.482 524.488 507.497 499.513 470.503 475.521 473.497 501.519
1_9       476.519 472.506 477.478 477.525 529.513 472.513 502.491 489.513 488.475 482.468
1_10      528.518 526.492 495.489 528.479 513.529 524.522 500.487 470.473 517.521 493.480
1_11      468.515 499.474 469.514 485.509 484.497 479.472 495.508 492.469 474.483 471.509
1_12      524.513 527.532 509.490 474.511 474.484 514.479 475.469 484.493 497.488 515.468
1_13      483.500 479.504 470.528 474.505 505.521 491.479 479.490 525.523 495.471 504.473
1_14      513.506 500.487 497.475 468.514 476.489 509.495 516.478 486.504 486.475 517.514
1_15      511.512 474.470 500.511 476.504 530.477 504.476 503.489 515.491 479.471 508.531
1_16      469.529 474.470 478.517 490.489 528.478 530.505 489.503 529.506 472.510 494.523
1_17      532.493 531.528 493.480 477.522 483.514 528.496 469.509 489.483 473.499 488.519
1_18      495.477 490.500 474.470 523.526 490.488 472.522 519.506 532.511 477.470 519.493
1_19      518.524 493.521 522.476 479.493 477.490 516.493 468.499 524.491 476.497 509.493
1_20      501.498 522.472 497.520 503.482 518.527 492.505 532.532 507.513 481.488 516.514
20 Pop15
1_21      506.523 497.479 530.503 489.485 469.519 480.491 469.495 471.516 521.508 515.469
1_22      515.531 492.523 487.514 496.478 526.473 504.474 528.485 524.514 472.482 521.472
1_23      489.489 484.481 504.481 488.470 474.507 468.473 529.481 480.507 476.491 511.509
1_24      491.470 521.523 494.476 479.475 511.533 504.511 528.498 522.470 515.508 489.496
1_25      532.491 494.521 519.495 497.485 530.518 485.514 484.499 486.485 481.491 494.507
1_26      470.528 498.468 475.496 497.500 506.504 487.474 517.497 497.502 498.484 525.496
1_27      497.527 473.473 487.479 471.524 513.530 523.505 527.497 475.506 498.471 524.494
1_28      517.522 470.502 477.509 518.469 472.494 520.525 476.471 495.506 511.477 497.502
1_29      498.501 484.469 528.468 489.524 478.509 472.533 511.515 531.490 497.471 483.470
1_30      500.470 490.497 489.485 511.509 520.511 529.521 487.505 509.501 475.500 502.514
1_31      516.490 498.471 505.531 505.485 512.495 520.512 468.483 523.527 479.480 513.510
1_32      533.522 523.509 511.520 476.497 481.501 507.477 478.533 504.522 512.480 469.489
1_33      492.524 475.483 522.521 527.516 530.503 527.520 522.522 525.482 510.529 520.494
1_34      514.511 500.482 532.473 529.472 491.481 486.508 507.474 528.522 482.478 469.518
1_35      510.501 486.532 475.515 508.476 472.511 519.512 483.529 520.503 524.474 505.515
1_36      470.512 507.523 522.479 506.486 508.495 483.530 470.472 482.502 482.499 489.512
1_37      474.491 484.492 516.495 486.504 493.493 482.505 489.513 505.521 488.486 525.507
1_38      471.503 500.478 477.510 517.495 499.482 522.508 487.527 499.504 482.523 527.503
1_39      478.475 475.520 508.489 491.527 468.499 500.500 515.487 474.512 502.497 471.517
1_40      486.511 501.519 530.527 499.505 472.533 492.504 529.503 508.487 526.515 496.506
20 Pop25
1_41      502.513 532.528 475.516 490.523 531.524 510.493 521.527 532.484 483.523 529.503
1_42      513.533 476.500 521.521 524.515 485.501 513.506 481.478 526.476 471.532 493.530
1_43      527.522 474.500 505.495 468.499 476.476 480.488 532.523 491.484 469.524 497.496
1_44      526.476 502.482 471.485 526.523 512.475 530.493 505.506 473.474 486.488 483.506
1_45      527.487 481.482 489.527 488.489 532.503 496.492 508.522 532.499 531.523 517.474
1_46      516.504 520.502 476.474 533.485 495.507 479.479 495.506 487.521 528.531 492.493
1_47      470.489 487.487 517.503 492.476 510.520 516.485 517.532 491.480 499.525 490.519
1_48      473.529 511.520 515.532 496.523 478.512 503.529 476.527 479.532 474.505 514.494
1_49      513.485 469.528 493.473 479.529 521.492 491.516 503.530 482.498 515.528 469.509
1_50      470.510 482.500 484.497 506.513 477.469 500.485 469.491 500.488 508.526 516.496
1_51      516.530 489.503 512.494 480.496 519.500 512.486 531.519 487.497 524.484 504.525
1_52      494.495 484.480 481.474 485.526 472.531 491.528 520.484 470.474 525.508 512.510
1_53      533.497 479.478 498.477 478.491 521.473 495.525 480.528 512.477 519.526 499.486
1_54      482.527 478.473 472.483 497.494 481.533 506.528 505.503 487.527 523.526 508.489
1_55      497.491 520.485 523.491 491.497 512.503 488.526 472.512 475.476 499.526 527.486
1_56      515.506 482.506 497.494 525.482 505.520 474.505 477.470 512.496 496.510 518.508
1_57      470.494 504.525 511.474 500.475 503.481 505.522 505.490 500.521 476.497 528.494
1_58      470.518 472.481 519.472 520.501 516.470 529.479 505.514 485.499 480.479 491.494
1_59      474.505 502.532 526.497 520.480 521.517 526.517 522.491 516.526 489.482 475.520
1_60      522.496 497.477 526.503 521.531 528.517 523.473 481.504 531.489 473.497 519.491
20 Pop35
1_61      497.519 501.509 507.476 525.498 496.485 532.518 522.529 497.526 488.527 491.492
1_62      502.490 504.490 517.528 497.525 532.475 487.496 521.487 513.491 500.513 504.507
1_63      508.512 478.497 523.532 490.513 517.501 517.483 520.525 497.524 480.472 509.518
1_64      529.478 486.476 504.515 512.481 470.489 504.525 505.519 505.481 500.506 516.533
1_65      502.486 529.478 509.497 508.474 511.514 490.523 522.472 472.502 492.529 510.488
1_66      511.488 470.496 523.472 528.508 499.486 470.501 476.525 517.486 533.524 505.525
1_67      478.513 475.493 517.479 472.492 487.475 508.500 497.471 471.529 486.506 483.513
1_68      494.519 494.485 474.476 497.488 509.495 515.479 529.478 512.508 509.472 506.498
1_69      491.474 515.500 506.473 529.507 477.473 471.468 487.487 511.525 488.484 515.482
1_70      523.492 506.526 494.521 481.484 492.498 507.529 507.493 517.495 471.472 515.497
1_71      469.488 475.507 489.533 490.471 527.470 503.515 505.520 526.482 477.514 501.511
1_72      469.517 513.469 514.524 511.500 474.485 483.521 521.484 474.523 481.523 528.533
1_73      516.516 506.477 527.518 513.489 525.528 510.495 524.472 495.513 489.482 482.505
1_74      517.470 474.495 498.481 493.521 516.505 485.497 519.521 525.518 500.513 498.497
1_75      521.516 504.516 496.522 532.481 505.517 520.490 489.530 507.502 476.470 521.526
1_76      526.472 470.503 477.478 495.505 469.513 471.493 524.473 486.528 533.527 481.492
1_77      509.530 500.501 473.524 483.504 525.520 483.504 507.523 533.510 494.480 512.471
1_78      500.495 471.520 481.473 519.523 522.468 513.485 525.508 519.524 469.505 497.499
1_79      490.529 484.528 506.470 500.468 514.487 478.511 519.533 512.525 512.473 481.505
1_80      496.526 518.489 518.499 514.504 498.518 511.479 508.513 531.526 488.520 503.500
20 Pop45
1_81      528.518 519.529 513.514 471.525 476.477 523.479 471.533 510.522 480.492 479.524
1_82      485.468 526.487 494.514 503.525 508.487 477.507 500.515 517.468 479.480 515.504
1_83      516.524 511.483 507.489 512.487 533.490 476.469 532.531 477.533 497.526 494.516
1_84      514.516 475.481 503.515 512.474 529.481 492.494 501.519 486.499 524.497 472.500
1_85      532.473 515.522 482.515 479.531 474.526 516.529 533.512 472.525 476.485 517.514
1_86      516.524 477.533 514.473 499.481 511.488 505.522 527.470 521.527 520.524 514.519
1_87      482.475 499.494 521.526 521.523 499.504 485.485 529.495 519.520 517.497 478.504
1_88      519.525 526.487 474.477 519.494 525.501 499.500 469.518 530.475 473.519 498.479
1_89      509.533 482.515 502.482 523.495 512.516 521.491 533.471 530.483 523.481 508.519
1_90      518.468 479.476 533.468 506.520 510.478 507.475 490.532 485.480 512.527 479.515
1_91      526.471 520.501 505.480 531.512 508.518 528.478 509.518 484.490 488.472 499.517
1_92      494.500 473.504 516.490 526.507 477.501 505.521 491.492 525.498 485.523 474.517
1_93      515.479 481.495 484.488 521.516 513.491 529.498 471.528 501.508 497.469 518.500
1_94      511.493 470.510 519.503 508.482 503.489 520.495 505.519 512.497 476.524 511.531
1_95      496.468 482.492 505.468 520.520 491.481 526.471 500.493 477.485 496.532 497.488
1_96      477.510 504.528 468.518 514.500 508.494 511.468 499.523 498.527 476.468 500.474
1_97      493.479 514.506 479.475 506.522 490.486 512.470 512.491 501.483 487.470 480.476
1_98      533.497 519.486 527.478 496.481 476.506 507.480 520.530 476.520 493.505 518.519
1_99      516.527 488.480 487.515 507.494 474.507 532.508 528.518 526.493 482.530 490.512
1_100     503.495 482.481 517.522 519.480 516.511 504.479 522.468 533.484 493.489 502.470
20 Pop55
1_101     524.490 496.521 476.484 504.500 526.475 473.507 495.469 511.492 492.477 513.514
1_102     521.486 486.499 523.526 512.502 507.519 478.517 485.469 512.497 507.468 511.487
1_103     490.468 483.496 495.475 531.496 517.488 480.480 520.513 504.492 509.506 493.468
1_104     515.517 522.477 486.519 482.494 516.527 509.525 497.523 488.472 472.512 471.496
1_105     486.533 529.508 473.496 531.472 512.477 519.475 507.511 497.475 482.486 528.469
1_106     529.517 507.491 483.503 525.526 496.524 512.521 522.532 514.502 532.512 515.496
1_107     519.496 496.491 481.485 519.489 503.514 508.505 481.489 513.488 529.498 527.468
1_108     491.527 475.515 515.516 508.497 491.508 505.473 512.533 497.478 507.472 503.468
1_109     525.473 530.483 528.517 471.498 507.473 494.506 499.514 533.484 503.487 492.488
1_110     507.526 485.473 511.474 471.524 475.511 480.491 527.491 526.523 491.475 495.482
1_111     489.507 477.529 476.490 498.489 486.511 531.508 522.472 478.514 497.519 497.481
1_112     531.512 476.470 514.528 479.478 468.513 503.503 474.487 515.522 474.532 514.477
1_113     499.516 499.533 509.483 521.514 521.533 478.524 532.499 530.512 522.499 526.520
1_114     476.473 475.468 513.474 490.495 498.477 517.529 483.489 484.522 503.520 479.481
1_115     527.497 481.533 473.516 498.476 522.478 480.510 496.477 500.486 493.500 487.513
1_116     471.515 529.505 531.472 504.486 480.514 500.532 528.529 483.488 471.474 470.496
1_117     506.533 487.493 494.479 496.484 475.512 495.528 504.507 510.528 500.526 509.523
1_118     474.532 470.508 501.504 531.513 497.487 512.524 469.494 500.483 474.502 516.512
1_119     525.505 507.496 502.495 505.470 474.469 487.506 487.476 492.522 478.469 522.499
1_120     520.468 482.487 497.513 491.508 533.483 477.484 483.504 487.471 470.531 504.521
20 Pop65
1_121     500.491 493.527 510.494 496.494 506.512 521.480 472.491 484.474 473.530 521.533
1_122     477.517 522.470 489.507 517.497 531.513 482.513 530.524 476.470 490.481 531.491
1_123     507.496 473.509 509.501 505.498 521.498 474.508 529.508 476.490 520.475 495.488
1_124     518.493 506.473 515.519 491.513 491.519 515.525 530.499 518.498 474.476 507.484
1_125     529.531 478.533 511.509 492.502 519.494 473.496 530.495 490.487 511.472 524.511
1_126     527.512 530.468 500.474 469.526 506.490 470.476 484.522 483.503 490.481 497.486
1_127     516.484 474.486 473.479 518.492 510.498 479.478 469.514 491.480 502.530 521.500
1_128     503.491 477.474 527.470 531.505 495.519 473.512 483.472 468.516 505.508 491.525
1_129     515.530 486.506 522.476 491.514 493.493 512.525 500.532 469.510 527.472 507.503
1_130     520.516 470.501 527.479 519.512 529.481 474.517 473.529 532.523 473.474 517.479
1_131     472.487 499.514 509.472 524.524 533.476 505.508 484.497 471.525 478.471 479.500
1_132     495.527 497.516 531.499 514.490 494.483 476.515 483.484 475.493 474.496 524.495
1_133     525.530 525.475 493.525 508.522 507.494 489.520 509.514 526.473 524.497 493.505
1_134     515.477 528.469 500.518 488.480 509.482 480.470 476.533 486.496 530.483 468.493
1_135     479.494 474.470 516.493 522.499 511.468 507.473 515.501 510.492 523.496 479.468
1_136     478.475 524.501 496.483 479.480 488.513 515.485 484.532 489.520 472.481 489.483
1_137     495.507 523.486 468.474 475.475 472.503 504.487 481.497 499.495 468.508 500.515
1_138     484.482 533.505 483.521 513.497 486.469 490.519 469.517 519.480 488.474 508.523
1_139     512.507 471.479 479.492 521.505 526.511 510.470 520.490 503.480 528.506 522.502
1_140     524.508 484.476 492.527 521.515 478.507 512.477 475.505 533.487 468.483 516.516
20 Pop75
1_141     490.521 493.487 527.497 490.522 496.473 503.528 504.512 496.508 476.498 515.515
1_142     520.472 478.508 494.486 532.480 527.503 498.500 509.504 526.529 482.511 494.485
1_143     523.517 506.494 480.493 490.532 498.509 509.516 527.497 485.529 474.520 469.488
1_144     477.516 518.487 499.495 481.527 517.493 531.514 469.531 497.503 495.533 468.472
1_145     468.530 473.492 526.471 525.471 495.476 495.515 498.489 504.502 490.470 482.479
1_146     472.493 471.502 476.518 489.488 502.505 533.516 474.513 520.518 516.493 487.505
1_147     530.530 490.493 473.517 473.471 470.492 508.480 496.497 513.499 493.495 485.492
1_148     480.531 497.475 515.520 492.527 479.475 498.488 516.514 497.478 472.531 532.530
1_149     516.531 516.476 483.473 500.486 501.526 532.502 471.472 496.525 487.484 527.504
1_150     494.512 470.518 490.518 533.514 469.480 479.505 469.527 473.516 524.484 470.498
1_151     501.531 492.516 486.506 514.490 472.511 515.529 504.520 479.472 525.473 517.502
1_152     509.530 500.511 475.524 491.489 488.487 478.498 529.499 496.513 510.520 486.529
1_153     533.528 490.519 532.490 515.510 470.490 489.510 474.533 527.490 474.470 499.504
1_154     524.527 480.512 486.500 505.480 505.497 532.527 526.525 490.481 505.495 505.516
1_155     526.488 473.482 529.508 518.506 478.478 511.478 470.519 513.492 483.473 500.502
1_156     527.513 486.531 488.510 504.510 531.518 532.470 528.513 488.510 470.511 476.507
1_157     518.517 504.486 477.502 512.494 532.530 493.473 473.506 522.506 497.473 495.486
1_158     533.528 499.477 531.481 489.495 521.531 508.529 511.490 468.483 483.468 505.498
1_159     532.511 496.522 497.479 498.499 475.488 493.522 530.479 490.529 529.469 511.516
1_160     481.527 522.504 475.523 479.500 495.484 532.522 524.531 533.479 505.525 492.530
20 Pop85
1_161     508.500 500.519 530.471 529.523 514.511 481.525 488.488 493.515 497.470 522.493
1_162     484.480 490.475 501.514 527.472 481.522 525.523 528.529 531.523 528.521 502.491
1_163     526.529 503.490 525.511 494.510 492.491 468.506 508.474 490.521 491.470 530.525
1_164     470.516 521.498 471.510 503.510 521.522 511.482 489.526 519.508 486.479 503.504
1_165     529.533 473.470 468.469 492.518 497.519 494.504 481.469 521.496 487.497 470.503
1_166     528.530 529.473 501.479 488.477 488.477 480.473 504.533 520.511 495.521 525.523
1_167     468.516 503.471 474.527 474.501 505.527 497.482 533.469 476.527 533.471 509.505
1_168     528.509 472.502 510.526 526.496 529.512 472.476 527.500 500.489 481.518 502.514
1_169     473.528 493.518 471.475 489.531 477.489 525.470 468.529 497.475 523.472 507.510
1_170     529.473 509.510 471.515 508.520 513.496 533.479 519.526 487.505 530.475 494.497
1_171     469.484 519.491 469.494 529.483 507.487 502.485 486.473 492.485 499.477 502.516
1_172     502.479 503.521 487.517 498.493 531.492 497.505 532.468 521.513 482.523 478.480
1_173     482.532 509.478 472.514 493.493 522.495 499.514 513.501 501.532 511.496 524.495
1_174     532.527 486.530 490.475 500.485 499.525 529.496 506.478 531.526 473.484 497.499
1_175     490.516 529.483 499.520 514.497 503.473 507.513 492.508 527.502 486.475 520.493
1_176     486.473 521.494 484.489 490.504 532.471 488.476 489.468 484.485 505.478 528.507
1_177     532.509 483.496 489.518 522.489 486.531 488.508 468.498 512.507 509.482 520.499
1_178     500.533 473.520 510.483 524.487 525.482 518.505 483.530 531.513 524.531 515.515
1_179     476.473 524.473 481.469 524.526 476.496 523.504 489.505 514.476 480.486 482.502
1_180     469.490 471.530 477.476 492.522 469.492 509.513 521.510 518.525 523.495 477.504
20 Pop95
1_181     518.498 485.479 499.520 530.474 529.485 514.477 489.498 472.478 484.480 470.514
1_182     519.474 497.499 503.469 482.480 493.493 520.530 517.522 492.499 475.532 496.477
1_183     489.502 530.520 478.494 513.493 514.527 533.503 531.520 493.497 532.480 502.517
1_184     528.515 477.512 516.474 480.514 505.478 523.520 469.498 488.521 492.505 515.494
1_185     513.525 522.528 492.498 512.490 501.512 509.492 499.518 509.493 499.493 503.471
1_186     531.525 522.483 474.520 511.501 494.514 507.500 490.527 521.498 526.468 478.504
1_187     511.470 474.520 496.494 477.498 468.471 531.494 481.499 526.522 526.484 499.527
1_188     477.497 477.480 522.518 483.524 482.521 486.525 489.512 533.509 484.520 477.506
1_189     501.497 485.504 492.477 490.502 529.473 508.484 478.468 523.481 513.478 527.508
1_190     495.531 486.531 498.474 479.480 486.493 484.514 522.488 507.479 493.470 497.520
1_191     470.513 496.500 523.499 506.530 471.475 519.515 528.484 491.519 486.471 513.499
1_192     498.474 491.505 481.513 525.477 523.486 505.489 499.501 507.502 473.500 500.496
1_193     470.532 533.520 522.489 475.511 493.485 489.505 530.473 532.520 484.488 511.514
1_194     468.522 504.521 499.503 512.510 487.518 523.479 517.502 518.531 508.520 494.469
1_195     494.474 504.470 483.470 484.497 486.508 513.498 523.527 513.481 495.480 485.504
1_196     513.503 520.502 495.489 522.495 509.509 531.492 469.529 483.468 506.493 508.484
1_197     529.488 473.526 515.474 529.491 526.519 524.481 478.530 513.477 526.524 520.510
1_198     476.530 491.476 510.518 476.506 490.517 477.480 523.504 491.502 472.497 519.477
1_199     531.471 499.497 481.477 482.515 528.494 506.529 490.523 526.511 478.531 480.469
1_200     530.500 487.512 489.521 511.509 481.530 509.524 468.496 472.486 472.512 480.472
