 -100         0        0 0.000000000000 0.000000000000 
  -99         0        0 0.000000000000 0.000000000000 
  -98         0        0 0.000000000000 0.000000000000 
  -97         0        0 0.000000000000 0.000000000000 
  -96         0        0 0.000000000000 0.000000000000 
  -95         0        0 0.000000000000 0.000000000000 
  -94         0        0 0.000000000000 0.000000000000 
  -93         0        0 0.000000000000 0.000000000000 
  -92         0        0 0.000000000000 0.000000000000 
  -91         0        0 0.000000000000 0.000000000000 
  -90         0        0 0.000000000000 0.000000000000 
  -89         0        0 0.000000000000 0.000000000000 
  -88         0        0 0.000000000000 0.000000000000 
  -87         0        0 0.000000000000 0.000000000000 
  -86         0        0 0.000000000000 0.000000000000 
  -85         0        0 0.000000000000 0.000000000000 
  -84         0        0 0.000000000000 0.000000000000 
  -83         0        0 0.000000000000 0.000000000000 
  -82         0        0 0.000000000000 0.000000000000 
  -81         0        0 0.000000000000 0.000000000000 
  -80         0        0 0.000000000000 0.000000000000 
  -79         0        0 0.000000000000 0.000000000000 
  -78         0        0 0.000000000000 0.000000000000 
  -77         0        0 0.000000000000 0.000000000000 
  -76         0        0 0.000000000000 0.000000000000 
  -75         0        0 0.000000000000 0.000000000000 
  -74         0        0 0.000000000000 0.000000000000 
  -73         0        0 0.000000000000 0.000000000000 
  -72         0        0 0.000000000000 0.000000000000 
  -71         0        0 0.000000000000 0.000000000000 
  -70         0        0 0.000000000000 0.000000000000 
  -69         0        0 0.000000000000 0.000000000000 
  -68         0        0 0.000000000000 0.000000000000 
  -67         0        0 0.000000000000 0.000000000000 
  -66         0        0 0.000000000000 0.000000000000 
  -65         0        0 0.000000000000 0.000000000000 
  -64         0        0 0.000000000000 0.000000000000 
  -63         0        0 0.000000000000 0.000000000000 
  -62         0        0 0.000000000000 0.000000000000 
  -61         0        0 0.000000000000 0.000000000000 
  -60         0        0 0.000000000000 0.000000000000 
  -59         0        0 0.000000000000 0.000000000000 
  -58         0        0 0.000000000000 0.000000000000 
  -57         0        0 0.000000000000 0.000000000000 
  -56         0        0 0.000000000000 0.000000000000 
  -55         0        0 0.000000000000 0.000000000000 
  -54         0        0 0.000000000000 0.000000000000 
  -53         0        0 0.000000000000 0.000000000000 
  -52         0        0 0.000000000000 0.000000000000 
  -51         0        0 0.000000000000 0.000000000000 
  -50         0        0 0.000000000000 0.000000000000 
  -49         0        0 0.000000000000 0.000000000000 
  -48         0        0 0.000000000000 0.000000000000 
  -47         0        0 0.000000000000 0.000000000000 
  -46         0        0 0.000000000000 0.000000000000 
  -45         0        0 0.000000000000 0.000000000000 
  -44         0        0 0.000000000000 0.000000000000 
  -43         0        0 0.000000000000 0.000000000000 
  -42         0        0 0.000000000000 0.000000000000 
  -41         0        0 0.000000000000 0.000000000000 
  -40         0        0 0.000000000000 0.000000000000 
  -39         0        0 0.000000000000 0.000000000000 
  -38         0        0 0.000000000000 0.000000000000 
  -37         0        0 0.000000000000 0.000000000000 
  -36         0        0 0.000000000000 0.000000000000 
  -35         0        0 0.000000000000 0.000000000000 
  -34         0        0 0.000000000000 0.000000000000 
  -33         0        0 0.000000000000 0.000000000000 
  -32         0        0 0.000000000000 0.000000000000 
  -31         0        0 0.000000000000 0.000000000000 
  -30         0        0 0.000000000000 0.000000000000 
  -29         0        0 0.000000000000 0.000000000000 
  -28         0        0 0.000000000000 0.000000000000 
  -27         0        0 0.000000000000 0.000000000000 
  -26         0        0 0.000000000000 0.000000000000 
  -25         0        0 0.000000000000 0.000000000000 
  -24         0        0 0.000000000000 0.000000000000 
  -23         0        0 0.000000000000 0.000000000000 
  -22         0        0 0.000000000000 0.000000000000 
  -21         0        0 0.000000000000 0.000000000000 
  -20         0        0 0.000000000000 0.000000000000 
  -19         0        0 0.000000000000 0.000000000000 
  -18         0        0 0.000000000000 0.000000000000 
  -17         0        0 0.000000000000 0.000000000000 
  -16         0        0 0.000000000000 0.000000000000 
  -15         0        0 0.000000000000 0.000000000000 
  -14         0        0 0.000000000000 0.000000000000 
  -13         0        0 0.000000000000 0.000000000000 
  -12         0        0 0.000000000000 0.000000000000 
  -11         0        0 0.000000000000 0.000000000000 
  -10         0        0 0.000000000000 0.000000000000 
   -9         5        0 0.000000413487 0.000000000000 
   -8        21        0 0.000001736644 0.000000000000 
   -7        16        0 0.000001323157 0.000000000000 
   -6        41        0 0.000003390590 0.000000000000 
   -5        84        0 0.000006946575 0.000000000000 
   -4       121        0 0.000010006376 0.000000000000 
   -3       308        0 0.000025470775 0.000000000000 
   -2       745        0 0.000061609505 0.000000000000 
   -1      3261        0 0.000269675967 0.000000000000 
    0  12083018 12092290 0.999233230430 1.000000000000 
    1      3361        0 0.000277945699 0.000000000000 
    2       718        0 0.000059376677 0.000000000000 
    3       292        0 0.000024147618 0.000000000000 
    4       141        0 0.000011660322 0.000000000000 
    5        78        0 0.000006450391 0.000000000000 
    6        42        0 0.000003473288 0.000000000000 
    7        20        0 0.000001653946 0.000000000000 
    8        13        0 0.000001075065 0.000000000000 
    9         5        0 0.000000413487 0.000000000000 
   10         0        0 0.000000000000 0.000000000000 
   11         0        0 0.000000000000 0.000000000000 
   12         0        0 0.000000000000 0.000000000000 
   13         0        0 0.000000000000 0.000000000000 
   14         0        0 0.000000000000 0.000000000000 
   15         0        0 0.000000000000 0.000000000000 
   16         0        0 0.000000000000 0.000000000000 
   17         0        0 0.000000000000 0.000000000000 
   18         0        0 0.000000000000 0.000000000000 
   19         0        0 0.000000000000 0.000000000000 
   20         0        0 0.000000000000 0.000000000000 
   21         0        0 0.000000000000 0.000000000000 
   22         0        0 0.000000000000 0.000000000000 
   23         0        0 0.000000000000 0.000000000000 
   24         0        0 0.000000000000 0.000000000000 
   25         0        0 0.000000000000 0.000000000000 
   26         0        0 0.000000000000 0.000000000000 
   27         0        0 0.000000000000 0.000000000000 
   28         0        0 0.000000000000 0.000000000000 
   29         0        0 0.000000000000 0.000000000000 
   30         0        0 0.000000000000 0.000000000000 
   31         0        0 0.000000000000 0.000000000000 
   32         0        0 0.000000000000 0.000000000000 
   33         0        0 0.000000000000 0.000000000000 
   34         0        0 0.000000000000 0.000000000000 
   35         0        0 0.000000000000 0.000000000000 
   36         0        0 0.000000000000 0.000000000000 
   37         0        0 0.000000000000 0.000000000000 
   38         0        0 0.000000000000 0.000000000000 
   39         0        0 0.000000000000 0.000000000000 
   40         0        0 0.000000000000 0.000000000000 
   41         0        0 0.000000000000 0.000000000000 
   42         0        0 0.000000000000 0.000000000000 
   43         0        0 0.000000000000 0.000000000000 
   44         0        0 0.000000000000 0.000000000000 
   45         0        0 0.000000000000 0.000000000000 
   46         0        0 0.000000000000 0.000000000000 
   47         0        0 0.000000000000 0.000000000000 
   48         0        0 0.000000000000 0.000000000000 
   49         0        0 0.000000000000 0.000000000000 
   50         0        0 0.000000000000 0.000000000000 
   51         0        0 0.000000000000 0.000000000000 
   52         0        0 0.000000000000 0.000000000000 
   53         0        0 0.000000000000 0.000000000000 
   54         0        0 0.000000000000 0.000000000000 
   55         0        0 0.000000000000 0.000000000000 
   56         0        0 0.000000000000 0.000000000000 
   57         0        0 0.000000000000 0.000000000000 
   58         0        0 0.000000000000 0.000000000000 
   59         0        0 0.000000000000 0.000000000000 
   60         0        0 0.000000000000 0.000000000000 
   61         0        0 0.000000000000 0.000000000000 
   62         0        0 0.000000000000 0.000000000000 
   63         0        0 0.000000000000 0.000000000000 
   64         0        0 0.000000000000 0.000000000000 
   65         0        0 0.000000000000 0.000000000000 
   66         0        0 0.000000000000 0.000000000000 
   67         0        0 0.000000000000 0.000000000000 
   68         0        0 0.000000000000 0.000000000000 
   69         0        0 0.000000000000 0.000000000000 
   70         0        0 0.000000000000 0.000000000000 
   71         0        0 0.000000000000 0.000000000000 
   72         0        0 0.000000000000 0.000000000000 
   73         0        0 0.000000000000 0.000000000000 
   74         0        0 0.000000000000 0.000000000000 
   75         0        0 0.000000000000 0.000000000000 
   76         0        0 0.000000000000 0.000000000000 
   77         0        0 0.000000000000 0.000000000000 
   78         0        0 0.000000000000 0.000000000000 
   79         0        0 0.000000000000 0.000000000000 
   80         0        0 0.000000000000 0.000000000000 
   81         0        0 0.000000000000 0.000000000000 
   82         0        0 0.000000000000 0.000000000000 
   83         0        0 0.000000000000 0.000000000000 
   84         0        0 0.000000000000 0.000000000000 
   85         0        0 0.000000000000 0.000000000000 
   86         0        0 0.000000000000 0.000000000000 
   87         0        0 0.000000000000 0.000000000000 
   88         0        0 0.000000000000 0.000000000000 
   89         0        0 0.000000000000 0.000000000000 
   90         0        0 0.000000000000 0.000000000000 
   91         0        0 0.000000000000 0.000000000000 
   92         0        0 0.000000000000 0.000000000000 
   93         0        0 0.000000000000 0.000000000000 
   94         0        0 0.000000000000 0.000000000000 
   95         0        0 0.000000000000 0.000000000000 
   96         0        0 0.000000000000 0.000000000000 
   97         0        0 0.000000000000 0.000000000000 
   98         0        0 0.000000000000 0.000000000000 
   99         0        0 0.000000000000 0.000000000000 
  100         0        0 0.000000000000 0.000000000000 
Various statistics on the whole empirical distribution (non-central moments)
mean =   0.00000149   0.00000000 
non-central sigma≤  =   0.00279964   0.00000000 
non-central kurtosis= 6811.07311401   0.00000000 
non-central skewness=  -0.07461452   0.00000000 
Various statistics on the semi empirical distribution (one side, axial dispersal, central moments)
mean axial dispersal =   0.00118406   0.00000000 
central/axial sigma≤  =   0.00279823   0.00000000 
central/axial kurtosis= 6811.57731040   0.00000000 
central/axial skewness=   3.73548513   0.00000000