#     Qr( 0)     meanQr( 0)   
1 0.4584210526 0.4584210526 
2 0.3305263158 0.3944736842 
3 0.9700000000 0.5863157895 
4 0.8947368421 0.6634210526 
5 0.3989473684 0.6105263158 
6 0.4573684211 0.5850000000 
7 0.4973684211 0.5724812030 
8 0.5473684211 0.5693421053 
9 0.4415789474 0.5551461988 
10 0.4126315789 0.5408947368 
11 0.6368421053 0.5496172249 
12 0.2747368421 0.5267105263 
13 0.4763157895 0.5228340081 
14 0.3936842105 0.5136090226 
15 0.3210526316 0.5007719298 
16 0.8852631579 0.5248026316 
17 0.3736842105 0.5159133127 
18 0.4994736842 0.5150000000 
19 0.2615789474 0.5016620499 
20 0.6368421053 0.5084210526 
21 0.8336842105 0.5239097744 
22 0.5500000000 0.5250956938 
23 0.4973684211 0.5238901602 
24 1.0000000000 0.5437280702 
25 0.4305263158 0.5392000000 
26 0.4089473684 0.5341902834 
27 0.3073684211 0.5257894737 
28 0.5536842105 0.5267857143 
29 0.2284210526 0.5164972777 
30 0.8821052632 0.5286842105 
31 0.9800000000 0.5432427844 
32 0.1794736842 0.5318750000 
33 0.4573684211 0.5296172249 
34 0.8294736842 0.5384365325 
35 0.3347368421 0.5326165414 
36 0.4621052632 0.5306578947 
37 0.9700000000 0.5425320057 
38 0.1984210526 0.5334764543 
39 0.8931578947 0.5426990553 
40 0.4052631579 0.5392631579 
41 0.3457894737 0.5345442875 
42 0.4889473684 0.5334586466 
43 0.6557894737 0.5363035496 
44 0.6157894737 0.5381100478 
45 0.4600000000 0.5363742690 
46 0.2000000000 0.5290617849 
47 0.7247368421 0.5332250840 
48 0.7384210526 0.5375000000 
49 0.2226315789 0.5310741139 
50 0.6700000000 0.5338526316 
51 0.3221052632 0.5297007224 
52 0.2994736842 0.5252732794 
53 0.8847368421 0.5320556107 
54 0.3889473684 0.5294054581 
55 0.3200000000 0.5255980861 
56 0.4457894737 0.5241729323 
57 0.3652631579 0.5213850416 
58 0.4515789474 0.5201814882 
59 0.2568421053 0.5157181088 
60 0.3231578947 0.5125087719 
61 0.2352631579 0.5079637619 
62 0.7242105263 0.5114516129 
63 0.9210526316 0.5179532164 
64 0.7884210526 0.5221792763 
65 0.2931578947 0.5186558704 
66 0.3889473684 0.5166905901 
67 0.9700000000 0.5234564022 
68 0.2473684211 0.5193962848 
69 0.2642105263 0.5156979405 
70 0.4321052632 0.5145037594 
71 0.3463157895 0.5121349148 
72 0.1973684211 0.5077631579 
73 0.4752631579 0.5073179524 
74 0.4652631579 0.5067496444 
75 0.3889473684 0.5051789474 
76 0.3484210526 0.5031163435 
77 0.6047368421 0.5044360902 
78 0.5810526316 0.5054183536 
79 0.2910526316 0.5027048634 
80 0.3452631579 0.5007368421 
81 0.7615789474 0.5039571150 
82 0.5084210526 0.5040115533 
83 0.5778947368 0.5049017121 
84 0.3715789474 0.5033145363 
85 0.2736842105 0.5006130031 
86 0.4057894737 0.4995104039 
87 0.5721052632 0.5003448276 
88 0.4147368421 0.4993720096 
89 0.2963157895 0.4970904790 
90 0.5415789474 0.4975847953 
91 0.3521052632 0.4959861191 
92 0.5157894737 0.4962013730 
93 0.6384210526 0.4977306169 
94 0.3321052632 0.4959686450 
95 0.4515789474 0.4955013850 
96 0.7163157895 0.4978015351 
97 0.6810526316 0.4996907216 
98 0.1968421053 0.4966004296 
99 0.5721052632 0.4973631047 
100 0.4626315789 0.4970157895 
