5 1 5 1 0.494789
15 1 5 1 0.4993
15 1 15 1 0.501368
25 1 5 1 0.493125
25 1 15 1 0.499125
25 1 25 1 0.503526
35 1 5 1 0.494075
35 1 15 1 0.494925
35 1 25 1 0.494725
35 1 35 1 0.488368
45 1 5 1 0.496875
45 1 15 1 0.50425
45 1 25 1 0.50585
45 1 35 1 0.4951
45 1 45 1 0.501789
55 1 5 1 0.49115
55 1 15 1 0.4944
55 1 25 1 0.492575
55 1 35 1 0.489325
55 1 45 1 0.4949
55 1 55 1 0.485842
65 1 5 1 0.49525
65 1 15 1 0.49915
65 1 25 1 0.498175
65 1 35 1 0.493
65 1 45 1 0.4999
65 1 55 1 0.492325
65 1 65 1 0.493316
75 1 5 1 0.501925
75 1 15 1 0.50615
75 1 25 1 0.503825
75 1 35 1 0.4982
75 1 45 1 0.506075
75 1 55 1 0.498425
75 1 65 1 0.5054
75 1 75 1 0.510053
85 1 5 1 0.496175
85 1 15 1 0.502275
85 1 25 1 0.50425
85 1 35 1 0.492275
85 1 45 1 0.502525
85 1 55 1 0.49615
85 1 65 1 0.498275
85 1 75 1 0.5064
85 1 85 1 0.506526
95 1 5 1 0.48495
95 1 15 1 0.485175
95 1 25 1 0.4896
95 1 35 1 0.484525
95 1 45 1 0.490075
95 1 55 1 0.4835
95 1 65 1 0.4883
95 1 75 1 0.4975
95 1 85 1 0.48915
95 1 95 1 0.484579
