 -100        0        0 0.000000000000 0.000000000000 
  -99        0        0 0.000000000000 0.000000000000 
  -98        0        0 0.000000000000 0.000000000000 
  -97        0        0 0.000000000000 0.000000000000 
  -96        0        0 0.000000000000 0.000000000000 
  -95        0        0 0.000000000000 0.000000000000 
  -94        0        0 0.000000000000 0.000000000000 
  -93        0        0 0.000000000000 0.000000000000 
  -92        0        0 0.000000000000 0.000000000000 
  -91        0        0 0.000000000000 0.000000000000 
  -90        0        0 0.000000000000 0.000000000000 
  -89        0        0 0.000000000000 0.000000000000 
  -88        0        0 0.000000000000 0.000000000000 
  -87        0        0 0.000000000000 0.000000000000 
  -86        0        0 0.000000000000 0.000000000000 
  -85        0        0 0.000000000000 0.000000000000 
  -84        0        0 0.000000000000 0.000000000000 
  -83        0        0 0.000000000000 0.000000000000 
  -82        0        0 0.000000000000 0.000000000000 
  -81        0        0 0.000000000000 0.000000000000 
  -80        0        0 0.000000000000 0.000000000000 
  -79        0        0 0.000000000000 0.000000000000 
  -78        0        0 0.000000000000 0.000000000000 
  -77        0        0 0.000000000000 0.000000000000 
  -76        0        0 0.000000000000 0.000000000000 
  -75        0        0 0.000000000000 0.000000000000 
  -74        0        0 0.000000000000 0.000000000000 
  -73        0        0 0.000000000000 0.000000000000 
  -72        0        0 0.000000000000 0.000000000000 
  -71        0        0 0.000000000000 0.000000000000 
  -70        0        0 0.000000000000 0.000000000000 
  -69        0        0 0.000000000000 0.000000000000 
  -68        0        0 0.000000000000 0.000000000000 
  -67        0        0 0.000000000000 0.000000000000 
  -66        0        0 0.000000000000 0.000000000000 
  -65        0        0 0.000000000000 0.000000000000 
  -64        0        0 0.000000000000 0.000000000000 
  -63        0        0 0.000000000000 0.000000000000 
  -62        0        0 0.000000000000 0.000000000000 
  -61        0        0 0.000000000000 0.000000000000 
  -60        0        0 0.000000000000 0.000000000000 
  -59        0        0 0.000000000000 0.000000000000 
  -58        0        0 0.000000000000 0.000000000000 
  -57        0        0 0.000000000000 0.000000000000 
  -56        0        0 0.000000000000 0.000000000000 
  -55        0        0 0.000000000000 0.000000000000 
  -54        0        0 0.000000000000 0.000000000000 
  -53        0        0 0.000000000000 0.000000000000 
  -52        0        0 0.000000000000 0.000000000000 
  -51        0        0 0.000000000000 0.000000000000 
  -50        0        0 0.000000000000 0.000000000000 
  -49        0        0 0.000000000000 0.000000000000 
  -48        0        0 0.000000000000 0.000000000000 
  -47        0        0 0.000000000000 0.000000000000 
  -46        0        0 0.000000000000 0.000000000000 
  -45        0        0 0.000000000000 0.000000000000 
  -44        0        0 0.000000000000 0.000000000000 
  -43        0        0 0.000000000000 0.000000000000 
  -42        0        0 0.000000000000 0.000000000000 
  -41        0        0 0.000000000000 0.000000000000 
  -40        0        0 0.000000000000 0.000000000000 
  -39        0        0 0.000000000000 0.000000000000 
  -38        0        0 0.000000000000 0.000000000000 
  -37        0        0 0.000000000000 0.000000000000 
  -36        0        0 0.000000000000 0.000000000000 
  -35        0        0 0.000000000000 0.000000000000 
  -34        0        0 0.000000000000 0.000000000000 
  -33        0        0 0.000000000000 0.000000000000 
  -32        0        0 0.000000000000 0.000000000000 
  -31        0        0 0.000000000000 0.000000000000 
  -30        0        0 0.000000000000 0.000000000000 
  -29        0        0 0.000000000000 0.000000000000 
  -28        0        0 0.000000000000 0.000000000000 
  -27        0        0 0.000000000000 0.000000000000 
  -26        0        0 0.000000000000 0.000000000000 
  -25        0        0 0.000000000000 0.000000000000 
  -24        0        0 0.000000000000 0.000000000000 
  -23        1        0 0.000000095233 0.000000000000 
  -22        1        0 0.000000095233 0.000000000000 
  -21        0        0 0.000000000000 0.000000000000 
  -20        0        0 0.000000000000 0.000000000000 
  -19        0        0 0.000000000000 0.000000000000 
  -18        0        0 0.000000000000 0.000000000000 
  -17        0        0 0.000000000000 0.000000000000 
  -16        0        0 0.000000000000 0.000000000000 
  -15        2        0 0.000000190467 0.000000000000 
  -14        0        0 0.000000000000 0.000000000000 
  -13        0        0 0.000000000000 0.000000000000 
  -12        0        0 0.000000000000 0.000000000000 
  -11        0        0 0.000000000000 0.000000000000 
  -10        2        0 0.000000190467 0.000000000000 
   -9       44        0 0.000004190268 0.000000000000 
   -8       87        0 0.000008285303 0.000000000000 
   -7      188        0 0.000017903874 0.000000000000 
   -6      322        0 0.000030665145 0.000000000000 
   -5      623        0 0.000059330389 0.000000000000 
   -4     1231        0 0.000117232278 0.000000000000 
   -3     2530        0 0.000240940426 0.000000000000 
   -2     6543        0 0.000623111939 0.000000000000 
   -1    29046        0 0.002766148461 0.000000000000 
    0 10418805 10500521 0.992217909949 1.000000000000 
    1    29342        0 0.002794337538 0.000000000000 
    2     6434        0 0.000612731502 0.000000000000 
    3     2755        0 0.000262367934 0.000000000000 
    4     1236        0 0.000117708445 0.000000000000 
    5      646        0 0.000061520757 0.000000000000 
    6      351        0 0.000033426913 0.000000000000 
    7      201        0 0.000019141907 0.000000000000 
    8       87        0 0.000008285303 0.000000000000 
    9       40        0 0.000003809335 0.000000000000 
   10        0        0 0.000000000000 0.000000000000 
   11        0        0 0.000000000000 0.000000000000 
   12        0        0 0.000000000000 0.000000000000 
   13        1        0 0.000000095233 0.000000000000 
   14        0        0 0.000000000000 0.000000000000 
   15        0        0 0.000000000000 0.000000000000 
   16        0        0 0.000000000000 0.000000000000 
   17        0        0 0.000000000000 0.000000000000 
   18        0        0 0.000000000000 0.000000000000 
   19        0        0 0.000000000000 0.000000000000 
   20        0        0 0.000000000000 0.000000000000 
   21        0        0 0.000000000000 0.000000000000 
   22        0        0 0.000000000000 0.000000000000 
   23        0        0 0.000000000000 0.000000000000 
   24        1        0 0.000000095233 0.000000000000 
   25        0        0 0.000000000000 0.000000000000 
   26        1        0 0.000000095233 0.000000000000 
   27        0        0 0.000000000000 0.000000000000 
   28        0        0 0.000000000000 0.000000000000 
   29        0        0 0.000000000000 0.000000000000 
   30        0        0 0.000000000000 0.000000000000 
   31        0        0 0.000000000000 0.000000000000 
   32        0        0 0.000000000000 0.000000000000 
   33        1        0 0.000000095233 0.000000000000 
   34        0        0 0.000000000000 0.000000000000 
   35        0        0 0.000000000000 0.000000000000 
   36        0        0 0.000000000000 0.000000000000 
   37        0        0 0.000000000000 0.000000000000 
   38        0        0 0.000000000000 0.000000000000 
   39        0        0 0.000000000000 0.000000000000 
   40        0        0 0.000000000000 0.000000000000 
   41        0        0 0.000000000000 0.000000000000 
   42        0        0 0.000000000000 0.000000000000 
   43        0        0 0.000000000000 0.000000000000 
   44        0        0 0.000000000000 0.000000000000 
   45        0        0 0.000000000000 0.000000000000 
   46        0        0 0.000000000000 0.000000000000 
   47        0        0 0.000000000000 0.000000000000 
   48        0        0 0.000000000000 0.000000000000 
   49        0        0 0.000000000000 0.000000000000 
   50        0        0 0.000000000000 0.000000000000 
   51        0        0 0.000000000000 0.000000000000 
   52        0        0 0.000000000000 0.000000000000 
   53        0        0 0.000000000000 0.000000000000 
   54        0        0 0.000000000000 0.000000000000 
   55        0        0 0.000000000000 0.000000000000 
   56        0        0 0.000000000000 0.000000000000 
   57        0        0 0.000000000000 0.000000000000 
   58        0        0 0.000000000000 0.000000000000 
   59        0        0 0.000000000000 0.000000000000 
   60        0        0 0.000000000000 0.000000000000 
   61        0        0 0.000000000000 0.000000000000 
   62        0        0 0.000000000000 0.000000000000 
   63        0        0 0.000000000000 0.000000000000 
   64        0        0 0.000000000000 0.000000000000 
   65        0        0 0.000000000000 0.000000000000 
   66        0        0 0.000000000000 0.000000000000 
   67        0        0 0.000000000000 0.000000000000 
   68        0        0 0.000000000000 0.000000000000 
   69        0        0 0.000000000000 0.000000000000 
   70        0        0 0.000000000000 0.000000000000 
   71        0        0 0.000000000000 0.000000000000 
   72        0        0 0.000000000000 0.000000000000 
   73        0        0 0.000000000000 0.000000000000 
   74        0        0 0.000000000000 0.000000000000 
   75        0        0 0.000000000000 0.000000000000 
   76        0        0 0.000000000000 0.000000000000 
   77        0        0 0.000000000000 0.000000000000 
   78        0        0 0.000000000000 0.000000000000 
   79        0        0 0.000000000000 0.000000000000 
   80        0        0 0.000000000000 0.000000000000 
   81        0        0 0.000000000000 0.000000000000 
   82        0        0 0.000000000000 0.000000000000 
   83        0        0 0.000000000000 0.000000000000 
   84        0        0 0.000000000000 0.000000000000 
   85        0        0 0.000000000000 0.000000000000 
   86        0        0 0.000000000000 0.000000000000 
   87        0        0 0.000000000000 0.000000000000 
   88        0        0 0.000000000000 0.000000000000 
   89        0        0 0.000000000000 0.000000000000 
   90        0        0 0.000000000000 0.000000000000 
   91        0        0 0.000000000000 0.000000000000 
   92        0        0 0.000000000000 0.000000000000 
   93        0        0 0.000000000000 0.000000000000 
   94        0        0 0.000000000000 0.000000000000 
   95        0        0 0.000000000000 0.000000000000 
   96        0        0 0.000000000000 0.000000000000 
   97        0        0 0.000000000000 0.000000000000 
   98        0        0 0.000000000000 0.000000000000 
   99        0        0 0.000000000000 0.000000000000 
  100        0        0 0.000000000000 0.000000000000 
Various statistics on the whole empirical distribution (non-central moments)
mean =   0.00010647   0.00000000 
non-central sigma2 =   0.02804242   0.00000000 
non-central kurtosis= 944.92743850   0.00000000 
non-central skewness=   0.18498268   0.00000000 
Various statistics on the semi empirical distribution (one side, axial dispersal, central moments)
mean axial dispersal =   0.01195274   0.00000000 
central/axial sigma2 =   0.02789955   0.00000000 
central/axial kurtosis= 947.95487793   0.00000000 
central/axial skewness=   3.89509757   0.00000000