1 10. singlepop_m8.txt under GSM; 1 x 1 diploid individuals  evolving at G=0 on a 1 x 1 lattice with absorbing boundaries; mutation proba=0.0005; replicate # 8; Mrca Moy= 34667; MRCA MAX=126622
200 pop11
1     , 93. 90 78. 75 66. 66 75. 72 81. 81 78. 72 60. 60 69. 63 111. 84 102. 99
2     , 90. 96 54. 69 120. 60 72. 72 111. 81 81. 81 63. 54 72. 60 105. 87 102. 84
3     , 96. 96 54. 69 90. 78 102. 72 81. 111 63. 54 63. 111 72. 72 105. 93 102. 102
4     , 93. 102 78. 63 81. 78 75. 75 78. 75 60. 57 54. 54 81. 60 87. 75 81. 96
5     , 96. 96 78. 78 60. 51 75. 93 111. 87 75. 72 60. 114 72. 75 90. 87 93. 75
6     , 96. 90 78. 57 75. 72 75. 75 81. 81 63. 93 75. 114 72. 72 90. 102 93. 99
7     , 102. 96 72. 78 60. 63 72. 69 84. 114 81. 87 69. 75 63. 60 90. 90 93. 84
8     , 90. 87 75. 63 72. 66 72. 102 114. 78 84. 75 54. 81 63. 81 87. 93 84. 99
9     , 90. 96 69. 78 60. 69 72. 102 84. 81 99. 93 63. 54 66. 72 84. 84 102. 102
10     , 90. 87 72. 78 66. 81 102. 78 114. 81 78. 84 57. 84 63. 72 105. 105 108. 102
11     , 87. 96 78. 60 81. 60 75. 102 114. 75 81. 75 108. 54 69. 63 84. 90 87. 99
12     , 96. 96 78. 63 63. 81 75. 78 84. 81 93. 81 63. 108 72. 63 84. 87 99. 102
13     , 90. 96 78. 78 87. 75 75. 96 84. 78 75. 72 111. 111 63. 69 90. 117 81. 96
14     , 99. 96 51. 69 66. 51 93. 102 81. 84 96. 84 99. 54 60. 63 84. 84 81. 99
15     , 81. 90 75. 69 66. 78 96. 72 84. 81 60. 75 69. 54 75. 72 84. 87 72. 81
16     , 93. 93 78. 78 69. 87 93. 75 114. 84 75. 57 54. 84 66. 72 87. 87 99. 102
17     , 93. 93 78. 75 72. 69 96. 72 75. 117 81. 81 99. 99 66. 72 93. 87 81. 102
18     , 96. 90 78. 69 66. 69 99. 96 111. 78 78. 90 105. 60 69. 60 87. 90 99. 102
19     , 96. 96 63. 66 66. 69 105. 102 81. 72 72. 81 108. 63 57. 66 90. 90 102. 99
20     , 96. 87 69. 87 120. 60 96. 99 111. 81 102. 90 105. 108 66. 69 84. 90 99. 81
21     , 96. 93 63. 66 69. 63 102. 102 81. 81 99. 72 60. 57 72. 69 105. 87 87. 87
22     , 96. 93 78. 78 117. 69 99. 93 81. 111 78. 102 105. 96 63. 72 84. 93 81. 90
23     , 84. 96 63. 63 117. 78 96. 96 114. 114 84. 78 60. 45 60. 63 93. 87 75. 102
24     , 87. 96 72. 78 78. 81 99. 75 114. 72 84. 90 60. 69 72. 72 84. 93 93. 84
25     , 96. 87 78. 69 78. 69 96. 75 84. 78 63. 54 60. 60 60. 63 84. 96 102. 99
26     , 96. 96 63. 78 87. 117 102. 90 114. 81 90. 99 81. 54 69. 72 75. 90 99. 78
27     , 96. 81 63. 69 78. 66 102. 96 114. 114 81. 84 66. 57 72. 72 99. 75 99. 75
28     , 96. 99 87. 63 69. 60 105. 72 87. 84 72. 72 84. 111 60. 60 87. 84 102. 81
29     , 99. 90 63. 72 120. 87 93. 75 81. 72 60. 54 63. 108 66. 69 105. 111 102. 75
30     , 96. 90 51. 75 69. 78 72. 75 78. 75 78. 75 60. 60 69. 63 84. 87 81. 75
31     , 96. 93 69. 69 78. 81 93. 78 111. 75 81. 60 63. 111 66. 84 87. 87 99. 99
32     , 84. 87 81. 69 63. 66 102. 72 114. 78 75. 93 60. 60 81. 66 117. 87 84. 99
33     , 96. 96 75. 78 69. 63 102. 75 75. 81 84. 78 69. 75 75. 69 87. 111 99. 99
34     , 99. 87 72. 69 120. 78 99. 102 84. 84 96. 75 57. 99 81. 69 111. 99 108. 81
35     , 105. 102 78. 78 69. 117 96. 96 114. 72 84. 108 102. 81 60. 69 105. 87 81. 81
36     , 87. 87 72. 75 75. 57 75. 102 81. 114 90. 57 99. 60 69. 60 84. 93 81. 99
37     , 90. 87 60. 78 78. 69 72. 75 81. 81 96. 90 111. 84 69. 81 93. 111 102. 102
38     , 84. 102 51. 69 78. 78 102. 96 81. 84 84. 102 60. 63 69. 63 87. 87 84. 93
39     , 96. 99 69. 78 72. 78 93. 96 114. 114 90. 96 108. 45 69. 72 90. 84 102. 87
40     , 93. 102 81. 69 69. 57 102. 96 72. 84 93. 99 60. 108 66. 54 84. 90 99. 81
41     , 75. 87 78. 78 78. 78 93. 102 81. 75 84. 75 111. 60 84. 75 84. 87 87. 72
42     , 90. 87 69. 72 69. 81 75. 96 75. 114 72. 102 63. 81 66. 81 87. 84 108. 102
43     , 102. 87 63. 78 66. 81 66. 102 84. 84 102. 102 54. 63 54. 72 78. 84 93. 102
44     , 87. 96 69. 63 81. 72 72. 99 114. 114 93. 57 108. 81 60. 66 87. 84 84. 81
45     , 84. 96 72. 72 69. 72 75. 96 81. 78 81. 75 45. 108 66. 66 87. 105 96. 102
46     , 105. 90 72. 78 66. 87 90. 72 72. 81 75. 99 54. 63 63. 66 105. 87 102. 78
47     , 90. 87 66. 69 75. 117 75. 99 117. 84 81. 99 84. 102 66. 66 87. 84 99. 96
48     , 105. 96 60. 78 72. 69 102. 96 81. 114 63. 96 54. 75 72. 72 84. 93 102. 72
49     , 93. 99 78. 69 63. 78 96. 102 81. 81 72. 96 108. 60 69. 72 105. 93 84. 72
50     , 87. 84 66. 75 78. 66 93. 75 75. 81 87. 99 63. 60 69. 72 105. 87 99. 93
51     , 93. 93 78. 63 78. 90 96. 96 108. 84 93. 84 51. 108 66. 72 96. 84 90. 102
52     , 102. 93 75. 54 69. 60 75. 78 114. 84 75. 78 60. 108 69. 72 87. 87 102. 99
53     , 87. 87 60. 63 87. 69 93. 102 72. 114 78. 57 57. 108 72. 69 105. 84 84. 72
54     , 87. 93 72. 78 78. 72 75. 72 78. 75 96. 81 63. 60 69. 81 87. 99 87. 105
55     , 93. 93 66. 78 81. 90 102. 102 84. 114 75. 102 60. 60 54. 69 111. 108 72. 99
56     , 90. 90 69. 66 69. 66 90. 93 75. 84 69. 54 60. 111 84. 69 87. 87 75. 81
57     , 96. 96 75. 72 69. 78 93. 99 114. 78 81. 75 102. 60 54. 69 87. 87 93. 84
58     , 96. 90 63. 69 69. 63 99. 72 114. 78 99. 84 111. 54 84. 63 84. 87 102. 84
59     , 96. 102 78. 78 72. 60 102. 102 114. 81 54. 72 51. 60 81. 60 87. 96 99. 102
60     , 96. 96 63. 75 78. 117 93. 102 81. 75 81. 78 108. 84 81. 69 96. 111 78. 99
61     , 96. 99 78. 78 60. 72 75. 99 84. 84 96. 93 60. 99 63. 69 111. 117 81. 78
62     , 96. 75 63. 84 69. 66 72. 72 81. 114 54. 72 84. 108 63. 54 81. 87 102. 93
63     , 96. 99 69. 63 60. 69 72. 78 78. 87 54. 63 54. 60 75. 66 93. 84 81. 87
64     , 99. 90 69. 72 87. 69 72. 93 69. 84 81. 99 54. 69 69. 72 90. 84 102. 84
65     , 90. 90 72. 78 66. 93 75. 93 78. 81 96. 57 63. 60 60. 63 87. 84 102. 93
66     , 87. 96 45. 69 72. 78 75. 93 75. 81 63. 96 99. 60 72. 60 93. 84 81. 90
67     , 96. 87 78. 78 78. 81 93. 75 81. 114 93. 78 54. 60 60. 69 84. 111 87. 99
68     , 90. 87 54. 78 66. 78 72. 75 81. 78 96. 90 102. 111 69. 60 84. 87 93. 102
69     , 93. 93 63. 63 66. 75 93. 99 117. 84 84. 99 63. 108 72. 63 84. 93 105. 108
70     , 102. 96 78. 78 75. 69 72. 75 75. 81 99. 54 108. 63 75. 69 75. 93 78. 102
71     , 105. 99 51. 54 78. 63 96. 102 78. 72 96. 90 63. 96 75. 75 84. 87 102. 99
72     , 96. 93 75. 69 78. 57 99. 78 75. 84 84. 93 108. 54 69. 81 84. 75 90. 99
73     , 90. 99 69. 78 75. 60 75. 72 78. 84 93. 75 63. 60 57. 72 84. 93 102. 81
74     , 96. 96 78. 69 66. 66 99. 75 78. 114 84. 81 99. 108 69. 66 111. 84 87. 102
75     , 90. 99 51. 78 66. 63 72. 90 69. 114 69. 84 111. 57 72. 69 96. 87 93. 78
76     , 99. 93 69. 75 75. 78 96. 75 78. 114 72. 51 111. 99 72. 69 75. 90 81. 102
77     , 90. 99 72. 69 66. 69 75. 102 75. 72 93. 81 54. 60 69. 66 96. 87 93. 102
78     , 90. 96 75. 78 78. 69 99. 75 81. 78 63. 84 60. 111 72. 63 90. 96 93. 99
79     , 96. 87 69. 69 69. 87 96. 75 84. 84 90. 54 108. 54 54. 72 84. 99 102. 108
80     , 96. 96 78. 69 69. 60 72. 102 114. 75 81. 69 51. 60 63. 72 84. 84 102. 102
81     , 96. 90 63. 81 69. 75 96. 72 84. 81 72. 84 111. 60 69. 69 87. 87 93. 81
82     , 102. 87 87. 72 72. 51 75. 75 111. 114 84. 72 84. 108 69. 66 90. 93 99. 102
83     , 90. 102 72. 78 66. 66 96. 96 78. 114 102. 54 51. 102 63. 69 93. 108 93. 87
84     , 96. 99 63. 69 78. 66 102. 99 78. 114 81. 81 60. 54 66. 72 87. 84 75. 87
85     , 90. 93 78. 78 66. 87 96. 102 78. 114 99. 75 60. 60 69. 66 90. 93 81. 102
86     , 96. 90 69. 78 87. 81 99. 75 72. 84 102. 75 99. 66 66. 60 93. 87 75. 99
87     , 96. 90 84. 78 69. 60 75. 102 114. 84 102. 81 54. 54 69. 72 84. 84 102. 99
88     , 87. 90 78. 63 78. 84 75. 96 81. 81 63. 75 60. 54 66. 72 87. 87 102. 84
89     , 105. 105 78. 72 81. 60 72. 75 114. 114 81. 81 84. 54 72. 60 105. 117 102. 102
90     , 96. 96 63. 63 78. 75 75. 75 81. 114 78. 93 66. 99 63. 75 93. 75 102. 102
91     , 96. 96 75. 72 78. 78 75. 102 114. 81 81. 84 108. 45 81. 60 105. 87 102. 81
92     , 96. 96 72. 78 78. 63 72. 96 81. 84 84. 60 111. 108 81. 69 93. 93 78. 87
93     , 90. 96 78. 63 69. 81 75. 96 114. 78 102. 96 105. 63 72. 72 87. 93 75. 87
94     , 87. 90 87. 78 78. 69 75. 75 78. 84 81. 60 111. 48 72. 63 93. 84 102. 102
95     , 87. 99 72. 69 66. 81 72. 102 81. 84 84. 84 60. 63 81. 72 84. 93 93. 81
96     , 75. 87 69. 81 66. 75 96. 75 78. 84 102. 72 108. 51 81. 81 87. 105 93. 96
97     , 90. 93 69. 78 78. 78 75. 72 84. 81 78. 72 63. 63 66. 75 87. 105 75. 102
98     , 87. 96 78. 69 69. 69 75. 102 81. 81 84. 96 51. 111 66. 75 93. 84 102. 84
99     , 102. 99 78. 69 117. 75 75. 96 78. 75 84. 96 60. 60 69. 60 111. 93 102. 99
100     , 96. 93 51. 63 69. 60 72. 93 114. 84 81. 93 75. 57 60. 63 87. 93 84. 72
101     , 87. 81 63. 78 66. 78 72. 75 87. 87 99. 90 51. 63 69. 66 87. 93 78. 102
102     , 84. 96 69. 72 78. 66 72. 75 114. 75 84. 60 60. 57 72. 69 87. 84 102. 102
103     , 87. 90 63. 78 81. 69 96. 75 114. 81 81. 78 60. 111 66. 63 87. 93 72. 84
104     , 93. 93 69. 75 51. 87 93. 75 81. 78 81. 81 105. 111 69. 63 105. 84 93. 87
105     , 96. 99 63. 78 69. 81 99. 72 78. 114 57. 54 57. 99 69. 69 87. 87 81. 93
106     , 93. 96 78. 78 69. 78 96. 96 81. 114 81. 99 60. 63 72. 75 87. 87 75. 99
107     , 90. 93 78. 78 60. 63 96. 72 81. 81 102. 96 60. 60 66. 69 93. 111 99. 96
108     , 93. 93 69. 78 57. 66 69. 99 69. 114 90. 99 99. 54 60. 75 87. 96 102. 93
109     , 90. 96 78. 57 69. 69 99. 96 78. 81 102. 81 99. 60 69. 63 105. 93 87. 93
110     , 87. 93 78. 78 60. 69 96. 102 90. 84 99. 60 60. 105 63. 66 84. 93 81. 90
111     , 105. 93 75. 78 63. 78 75. 93 81. 84 102. 54 63. 114 54. 66 87. 75 102. 108
112     , 87. 90 69. 63 69. 81 72. 75 72. 75 99. 84 63. 60 72. 60 84. 87 78. 81
113     , 96. 96 54. 72 69. 69 99. 102 114. 72 84. 108 57. 63 69. 69 111. 87 93. 90
114     , 96. 96 72. 69 90. 63 75. 72 84. 75 96. 96 60. 99 60. 72 111. 90 90. 75
115     , 93. 96 72. 69 78. 69 96. 81 84. 114 84. 81 54. 63 60. 57 111. 84 99. 81
116     , 87. 96 63. 72 78. 57 78. 96 84. 81 102. 96 54. 99 69. 66 105. 84 78. 102
117     , 93. 90 78. 69 69. 60 99. 75 81. 84 63. 75 69. 108 63. 84 84. 90 78. 87
118     , 87. 87 69. 72 72. 78 69. 72 78. 81 60. 72 105. 96 72. 63 87. 90 102. 102
119     , 93. 90 66. 69 78. 81 72. 72 114. 69 57. 99 114. 84 63. 81 84. 90 99. 93
120     , 96. 93 87. 66 69. 66 75. 102 117. 111 99. 102 60. 63 69. 72 111. 87 102. 90
121     , 96. 90 78. 84 60. 78 99. 96 78. 75 96. 78 57. 60 72. 63 75. 87 102. 75
122     , 93. 87 60. 75 66. 78 93. 102 69. 84 54. 54 63. 63 60. 72 90. 84 102. 102
123     , 90. 96 72. 78 51. 87 93. 90 114. 81 87. 78 63. 105 72. 72 87. 87 99. 90
124     , 96. 99 66. 78 81. 69 99. 75 84. 72 102. 69 111. 108 72. 63 84. 105 102. 75
125     , 96. 96 72. 78 66. 78 75. 72 114. 114 90. 75 60. 54 63. 66 93. 84 81. 102
126     , 93. 90 78. 69 63. 60 75. 99 84. 81 78. 102 105. 114 60. 69 87. 87 102. 90
127     , 96. 87 78. 66 78. 75 102. 93 75. 81 63. 54 63. 63 63. 69 99. 96 102. 72
128     , 96. 102 87. 63 81. 78 75. 96 84. 81 84. 78 63. 66 63. 69 87. 99 72. 102
129     , 102. 96 75. 66 78. 72 96. 75 81. 81 102. 54 60. 84 69. 63 84. 84 102. 99
130     , 81. 93 75. 78 60. 78 96. 96 84. 81 78. 87 96. 60 72. 69 93. 105 78. 81
131     , 102. 99 78. 63 60. 69 75. 72 78. 72 84. 72 81. 51 84. 69 90. 90 75. 102
132     , 102. 93 72. 51 87. 72 72. 93 81. 111 72. 84 108. 60 69. 60 105. 93 93. 81
133     , 96. 96 87. 72 66. 117 102. 93 114. 84 78. 63 69. 84 75. 63 84. 96 75. 102
134     , 96. 96 69. 87 90. 69 93. 96 81. 114 90. 93 111. 48 63. 66 99. 87 84. 81
135     , 96. 96 72. 81 78. 78 72. 102 84. 78 81. 84 51. 84 66. 63 87. 102 78. 102
136     , 96. 96 78. 63 51. 72 72. 93 84. 81 99. 90 60. 54 72. 63 84. 93 99. 99
137     , 90. 93 78. 78 75. 78 66. 102 81. 84 54. 84 51. 102 69. 75 87. 90 90. 102
138     , 96. 90 78. 78 69. 87 96. 102 117. 114 102. 60 63. 111 75. 69 87. 87 84. 78
139     , 90. 93 51. 72 72. 60 72. 96 81. 114 96. 75 63. 102 66. 69 87. 99 93. 102
140     , 96. 81 72. 69 51. 51 96. 96 78. 84 81. 72 63. 84 60. 69 93. 87 102. 102
141     , 96. 93 78. 78 78. 69 102. 99 81. 81 54. 81 60. 102 66. 66 105. 99 81. 72
142     , 96. 78 69. 63 87. 60 75. 75 111. 114 102. 90 102. 60 66. 69 84. 93 99. 102
143     , 87. 96 75. 87 69. 69 93. 102 81. 78 90. 84 63. 111 81. 66 87. 96 102. 96
144     , 96. 90 78. 84 51. 66 96. 72 84. 81 75. 54 57. 60 72. 81 90. 87 102. 93
145     , 90. 93 69. 69 78. 69 75. 75 81. 75 102. 96 63. 69 66. 66 87. 87 93. 81
146     , 96. 99 78. 78 60. 63 99. 99 78. 114 87. 54 105. 60 75. 72 87. 90 99. 99
147     , 87. 96 72. 69 87. 81 102. 72 114. 114 60. 78 111. 111 63. 69 96. 105 102. 81
148     , 84. 93 69. 75 78. 69 99. 72 78. 114 78. 57 75. 60 81. 63 84. 93 102. 72
149     , 99. 90 60. 63 117. 120 96. 96 84. 78 54. 102 81. 54 63. 69 87. 84 81. 99
150     , 93. 84 72. 69 75. 75 93. 93 75. 114 87. 75 81. 63 72. 69 93. 87 90. 81
151     , 90. 87 78. 78 69. 57 75. 75 81. 78 78. 72 60. 105 81. 66 87. 84 93. 99
152     , 90. 90 78. 69 87. 69 96. 75 78. 114 93. 72 60. 54 69. 66 96. 111 99. 96
153     , 84. 93 75. 78 78. 57 96. 93 72. 81 81. 81 108. 111 66. 69 93. 87 102. 102
154     , 96. 96 78. 72 81. 87 75. 102 78. 84 96. 78 114. 105 69. 72 90. 90 99. 81
155     , 90. 96 78. 63 63. 69 78. 72 81. 114 54. 63 63. 45 60. 81 87. 93 93. 93
156     , 96. 96 66. 63 117. 87 72. 96 69. 114 60. 60 111. 99 72. 75 99. 96 72. 72
157     , 96. 90 54. 69 66. 51 72. 99 114. 87 81. 99 63. 57 69. 69 111. 84 102. 72
158     , 96. 96 72. 78 75. 66 96. 75 78. 114 63. 78 63. 60 69. 72 84. 87 99. 99
159     , 96. 93 78. 78 75. 81 93. 75 72. 111 102. 96 63. 54 72. 69 87. 90 78. 102
160     , 87. 96 69. 69 69. 66 72. 75 72. 84 93. 90 99. 96 72. 72 84. 75 93. 102
161     , 96. 99 78. 63 117. 63 99. 75 114. 114 81. 102 111. 111 60. 60 84. 96 99. 102
162     , 102. 96 72. 69 66. 63 96. 96 84. 84 75. 84 102. 105 69. 54 108. 84 102. 102
163     , 96. 96 63. 66 81. 66 96. 72 114. 81 84. 75 81. 105 69. 72 84. 105 99. 72
164     , 96. 93 69. 87 72. 69 96. 75 114. 81 72. 99 111. 75 66. 72 99. 87 108. 90
165     , 96. 96 69. 72 51. 69 75. 99 81. 87 102. 87 84. 60 72. 66 87. 105 96. 90
166     , 87. 99 87. 78 117. 69 96. 75 81. 81 96. 102 81. 111 66. 81 93. 90 93. 99
167     , 90. 99 54. 66 72. 69 75. 75 75. 72 96. 102 63. 63 63. 72 93. 93 99. 99
168     , 93. 75 78. 72 63. 78 75. 75 81. 81 54. 78 60. 60 69. 69 87. 105 72. 93
169     , 87. 93 78. 63 75. 66 72. 72 72. 81 96. 96 60. 60 66. 72 78. 99 102. 99
170     , 102. 90 78. 75 69. 78 75. 75 114. 114 81. 84 111. 108 66. 60 102. 87 96. 81
171     , 96. 87 75. 72 66. 117 102. 102 114. 78 84. 84 60. 84 54. 66 93. 84 81. 84
172     , 90. 102 78. 75 78. 69 75. 75 84. 81 72. 84 60. 60 60. 60 87. 93 93. 81
173     , 96. 90 72. 72 66. 60 75. 102 81. 84 72. 99 105. 60 66. 66 75. 90 84. 93
174     , 96. 99 84. 78 81. 78 96. 72 114. 78 84. 81 63. 102 69. 72 78. 105 81. 78
175     , 93. 90 75. 75 63. 63 75. 96 81. 75 102. 63 108. 108 54. 75 87. 84 72. 102
176     , 96. 93 78. 69 78. 81 75. 72 81. 81 54. 102 84. 60 66. 72 84. 105 75. 84
177     , 90. 93 63. 78 72. 69 75. 69 78. 117 87. 108 81. 69 60. 69 87. 87 81. 99
178     , 96. 90 78. 78 60. 69 93. 99 78. 81 60. 60 111. 99 69. 75 90. 90 99. 90
179     , 87. 96 78. 66 72. 66 93. 99 78. 81 102. 78 63. 84 69. 72 96. 93 93. 81
180     , 99. 90 72. 72 75. 66 93. 75 81. 81 93. 60 84. 60 72. 72 93. 87 102. 90
181     , 96. 102 72. 69 69. 81 72. 75 114. 114 96. 84 45. 57 69. 60 87. 84 99. 78
182     , 87. 96 69. 72 75. 66 72. 78 114. 81 81. 72 60. 60 72. 66 84. 93 81. 84
183     , 96. 93 78. 72 78. 69 96. 99 114. 114 60. 81 63. 51 54. 69 90. 84 96. 93
184     , 99. 96 75. 69 69. 66 99. 75 72. 84 87. 102 57. 54 81. 69 99. 99 102. 93
185     , 90. 96 75. 66 78. 69 72. 93 84. 78 78. 72 60. 60 72. 81 93. 93 102. 99
186     , 81. 93 54. 78 66. 69 75. 72 84. 78 78. 87 63. 84 63. 63 105. 87 102. 105
187     , 81. 90 78. 78 72. 69 90. 72 114. 75 90. 96 66. 57 72. 66 90. 96 102. 75
188     , 87. 96 78. 51 69. 69 102. 102 75. 114 57. 81 69. 60 75. 63 105. 105 72. 93
189     , 96. 90 78. 81 51. 78 75. 72 72. 81 63. 96 108. 54 60. 63 111. 90 102. 87
190     , 90. 96 54. 78 87. 66 99. 93 84. 117 81. 54 63. 63 69. 69 90. 93 102. 99
191     , 96. 93 72. 63 57. 78 93. 96 81. 81 96. 69 108. 60 60. 72 84. 105 99. 90
192     , 96. 81 87. 87 69. 66 96. 93 84. 84 90. 108 60. 84 60. 72 87. 84 96. 84
193     , 96. 96 69. 63 69. 81 90. 75 81. 84 96. 84 54. 105 72. 66 105. 84 75. 99
194     , 96. 93 78. 69 51. 81 93. 96 75. 81 54. 81 48. 60 81. 69 93. 96 102. 102
195     , 96. 90 72. 78 78. 78 93. 72 81. 78 69. 96 63. 114 72. 54 96. 84 81. 90
196     , 93. 99 78. 78 78. 78 72. 93 84. 84 78. 54 60. 54 75. 69 84. 90 78. 84
197     , 96. 93 78. 78 69. 66 93. 75 84. 81 96. 90 45. 63 63. 66 93. 93 78. 93
198     , 96. 87 78. 78 75. 78 93. 102 114. 81 84. 84 102. 57 81. 84 111. 111 102. 81
199     , 87. 96 72. 54 87. 87 75. 96 84. 84 99. 75 114. 60 54. 60 93. 96 96. 75
200     , 96. 96 66. 78 78. 81 78. 72 111. 84 102. 78 54. 108 66. 72 102. 105 96. 99
