#     Qr( 0)     meanQr( 0)     Qr( 1)     meanQr( 1)     Qr( 2)     meanQr( 2)     Qr( 3)     meanQr( 3)     Qr( 4)     meanQr( 4)     Qr( 5)     meanQr( 5)     Qr( 6)     meanQr( 6)     Qr( 7)     meanQr( 7)     Qr( 8)     meanQr( 8)     Qr( 9)     meanQr( 9)   
1 0.0621052632 0.0621052632 0.0541666667 0.0541666667 0.0581250000 0.0581250000 0.0503571429 0.0503571429 0.0395833333 0.0395833333 0.0545000000 0.0545000000 0.0550000000 0.0550000000 0.0575000000 0.0575000000 0.0412500000 0.0412500000 0.0500000000 0.0500000000 
2 0.0826315789 0.0723684211 0.0736111111 0.0638888889 0.0787500000 0.0684375000 0.0792857143 0.0648214286 0.0695833333 0.0545833333 0.0560000000 0.0552500000 0.0631250000 0.0590625000 0.0558333333 0.0566666667 0.0650000000 0.0531250000 0.0575000000 0.0537500000 
3 0.0557894737 0.0668421053 0.0566666667 0.0614814815 0.0562500000 0.0643750000 0.0500000000 0.0598809524 0.0533333333 0.0541666667 0.0555000000 0.0553333333 0.0518750000 0.0566666667 0.0558333333 0.0563888889 0.0575000000 0.0545833333 0.0825000000 0.0633333333 
4 0.1263157895 0.0817105263 0.1222222222 0.0766666667 0.1200000000 0.0782812500 0.1250000000 0.0761607143 0.1079166667 0.0676041667 0.1180000000 0.0710000000 0.1237500000 0.0734375000 0.1266666667 0.0739583333 0.1337500000 0.0743750000 0.1625000000 0.0881250000 
5 0.0957894737 0.0845263158 0.0961111111 0.0805555556 0.0906250000 0.0807500000 0.0860714286 0.0781428571 0.0904166667 0.0721666667 0.0985000000 0.0765000000 0.0806250000 0.0748750000 0.0800000000 0.0751666667 0.0550000000 0.0705000000 0.0475000000 0.0800000000 
6 0.1752631579 0.0996491228 0.1791666667 0.0969907407 0.1609375000 0.0941145833 0.1650000000 0.0926190476 0.1729166667 0.0889583333 0.1715000000 0.0923333333 0.1756250000 0.0916666667 0.1858333333 0.0936111111 0.2025000000 0.0925000000 0.1350000000 0.0891666667 
7 0.0752631579 0.0961654135 0.0747222222 0.0938095238 0.0650000000 0.0899553571 0.0760714286 0.0902551020 0.0679166667 0.0859523810 0.0665000000 0.0886428571 0.0756250000 0.0893750000 0.0666666667 0.0897619048 0.0762500000 0.0901785714 0.0825000000 0.0882142857 
8 0.0578947368 0.0913815789 0.0600000000 0.0895833333 0.0575000000 0.0858984375 0.0614285714 0.0866517857 0.0654166667 0.0833854167 0.0585000000 0.0848750000 0.0606250000 0.0857812500 0.0641666667 0.0865625000 0.0675000000 0.0873437500 0.0650000000 0.0853125000 
9 0.1473684211 0.0976023392 0.1266666667 0.0937037037 0.1193750000 0.0896180556 0.1360714286 0.0921428571 0.1483333333 0.0906018519 0.1340000000 0.0903333333 0.1093750000 0.0884027778 0.1216666667 0.0904629630 0.1900000000 0.0987500000 0.0950000000 0.0863888889 
10 0.1231578947 0.1001578947 0.1116666667 0.0955000000 0.1078125000 0.0914375000 0.1196428571 0.0948928571 0.1170833333 0.0932500000 0.1305000000 0.0943500000 0.1268750000 0.0922500000 0.1300000000 0.0944166667 0.1225000000 0.1011250000 0.1825000000 0.0960000000 
