This sample file has been generated by the IBDSim program.
locus1_HKY85
pop 
1 1 , 001 
1 1 , 002 
1 1 , 003 
1 1 , 004 
1 1 , 005 
1 1 , 002 
1 1 , 006 
1 1 , 001 
1 1 , 007 
1 1 , 008 
1 1 , 004 
1 1 , 003 
1 1 , 009 
1 1 , 010 
1 1 , 007 
1 1 , 003 
1 1 , 003 
1 1 , 002 
1 1 , 011 
1 1 , 004 
pop 
2 1 , 002 
2 1 , 012 
2 1 , 013 
2 1 , 007 
2 1 , 005 
2 1 , 013 
2 1 , 011 
2 1 , 014 
2 1 , 006 
2 1 , 015 
2 1 , 004 
2 1 , 016 
2 1 , 017 
2 1 , 018 
2 1 , 003 
2 1 , 003 
2 1 , 002 
2 1 , 019 
2 1 , 020 
2 1 , 009 
pop 
3 1 , 006 
3 1 , 003 
3 1 , 009 
3 1 , 002 
3 1 , 013 
3 1 , 021 
3 1 , 003 
3 1 , 022 
3 1 , 016 
3 1 , 013 
3 1 , 003 
3 1 , 015 
3 1 , 020 
3 1 , 007 
3 1 , 009 
3 1 , 007 
3 1 , 006 
3 1 , 022 
3 1 , 005 
3 1 , 001 
pop 
4 1 , 006 
4 1 , 006 
4 1 , 015 
4 1 , 007 
4 1 , 023 
4 1 , 006 
4 1 , 007 
4 1 , 001 
4 1 , 024 
4 1 , 025 
4 1 , 012 
4 1 , 013 
4 1 , 007 
4 1 , 018 
4 1 , 017 
4 1 , 026 
4 1 , 001 
4 1 , 013 
4 1 , 013 
4 1 , 003 
pop 
5 1 , 001 
5 1 , 022 
5 1 , 022 
5 1 , 027 
5 1 , 026 
5 1 , 002 
5 1 , 002 
5 1 , 017 
5 1 , 022 
5 1 , 022 
5 1 , 022 
5 1 , 017 
5 1 , 006 
5 1 , 002 
5 1 , 006 
5 1 , 015 
5 1 , 013 
5 1 , 019 
5 1 , 022 
5 1 , 016 
pop 
6 1 , 013 
6 1 , 017 
6 1 , 013 
6 1 , 015 
6 1 , 001 
6 1 , 028 
6 1 , 004 
6 1 , 028 
6 1 , 002 
6 1 , 003 
6 1 , 029 
6 1 , 002 
6 1 , 030 
6 1 , 028 
6 1 , 007 
6 1 , 007 
6 1 , 013 
6 1 , 023 
6 1 , 022 
6 1 , 009 
pop 
7 1 , 031 
7 1 , 022 
7 1 , 008 
7 1 , 002 
7 1 , 002 
7 1 , 002 
7 1 , 001 
7 1 , 005 
7 1 , 026 
7 1 , 006 
7 1 , 032 
7 1 , 002 
7 1 , 002 
7 1 , 033 
7 1 , 031 
7 1 , 006 
7 1 , 002 
7 1 , 002 
7 1 , 034 
7 1 , 024 
pop 
8 1 , 007 
8 1 , 002 
8 1 , 002 
8 1 , 020 
8 1 , 002 
8 1 , 002 
8 1 , 003 
8 1 , 007 
8 1 , 022 
8 1 , 006 
8 1 , 035 
8 1 , 022 
8 1 , 015 
8 1 , 007 
8 1 , 003 
8 1 , 002 
8 1 , 006 
8 1 , 009 
8 1 , 017 
8 1 , 005 
pop 
9 1 , 024 
9 1 , 001 
9 1 , 036 
9 1 , 002 
9 1 , 005 
9 1 , 037 
9 1 , 007 
9 1 , 015 
9 1 , 038 
9 1 , 037 
9 1 , 005 
9 1 , 014 
9 1 , 015 
9 1 , 019 
9 1 , 006 
9 1 , 013 
9 1 , 011 
9 1 , 020 
9 1 , 013 
9 1 , 004 
pop 
10 1 , 001 
10 1 , 017 
10 1 , 002 
10 1 , 002 
10 1 , 015 
10 1 , 013 
10 1 , 003 
10 1 , 002 
10 1 , 006 
10 1 , 015 
10 1 , 026 
10 1 , 015 
10 1 , 030 
10 1 , 020 
10 1 , 024 
10 1 , 015 
10 1 , 017 
10 1 , 008 
10 1 , 006 
10 1 , 001 
