This sample file has been generated by the IBDSim program.
locus1_HKY85
pop 
1 1 , 001 
1 1 , 002 
1 1 , 002 
1 1 , 001 
1 1 , 003 
1 1 , 003 
1 1 , 001 
1 1 , 003 
1 1 , 004 
1 1 , 001 
1 1 , 003 
1 1 , 005 
1 1 , 002 
1 1 , 006 
1 1 , 003 
1 1 , 002 
1 1 , 002 
1 1 , 003 
1 1 , 004 
1 1 , 001 
pop 
2 1 , 007 
2 1 , 002 
2 1 , 008 
2 1 , 003 
2 1 , 009 
2 1 , 003 
2 1 , 010 
2 1 , 001 
2 1 , 001 
2 1 , 002 
2 1 , 001 
2 1 , 001 
2 1 , 011 
2 1 , 002 
2 1 , 009 
2 1 , 009 
2 1 , 012 
2 1 , 013 
2 1 , 014 
2 1 , 003 
pop 
3 1 , 004 
3 1 , 003 
3 1 , 002 
3 1 , 007 
3 1 , 002 
3 1 , 001 
3 1 , 009 
3 1 , 006 
3 1 , 003 
3 1 , 011 
3 1 , 001 
3 1 , 002 
3 1 , 007 
3 1 , 015 
3 1 , 009 
3 1 , 002 
3 1 , 003 
3 1 , 004 
3 1 , 002 
3 1 , 001 
pop 
4 1 , 013 
4 1 , 009 
4 1 , 001 
4 1 , 001 
4 1 , 002 
4 1 , 001 
4 1 , 016 
4 1 , 004 
4 1 , 017 
4 1 , 001 
4 1 , 002 
4 1 , 001 
4 1 , 001 
4 1 , 001 
4 1 , 004 
4 1 , 002 
4 1 , 002 
4 1 , 002 
4 1 , 004 
4 1 , 002 
pop 
5 1 , 018 
5 1 , 019 
5 1 , 001 
5 1 , 020 
5 1 , 002 
5 1 , 004 
5 1 , 013 
5 1 , 003 
5 1 , 004 
5 1 , 003 
5 1 , 001 
5 1 , 007 
5 1 , 003 
5 1 , 001 
5 1 , 021 
5 1 , 002 
5 1 , 006 
5 1 , 009 
5 1 , 009 
5 1 , 021 
pop 
6 1 , 022 
6 1 , 003 
6 1 , 010 
6 1 , 009 
6 1 , 003 
6 1 , 005 
6 1 , 003 
6 1 , 003 
6 1 , 001 
6 1 , 005 
6 1 , 023 
6 1 , 001 
6 1 , 003 
6 1 , 024 
6 1 , 002 
6 1 , 001 
6 1 , 003 
6 1 , 025 
6 1 , 001 
6 1 , 009 
pop 
7 1 , 005 
7 1 , 003 
7 1 , 026 
7 1 , 001 
7 1 , 001 
7 1 , 015 
7 1 , 003 
7 1 , 009 
7 1 , 003 
7 1 , 002 
7 1 , 004 
7 1 , 003 
7 1 , 001 
7 1 , 003 
7 1 , 003 
7 1 , 004 
7 1 , 002 
7 1 , 002 
7 1 , 002 
7 1 , 017 
pop 
8 1 , 001 
8 1 , 003 
8 1 , 017 
8 1 , 016 
8 1 , 022 
8 1 , 002 
8 1 , 002 
8 1 , 002 
8 1 , 004 
8 1 , 002 
8 1 , 002 
8 1 , 008 
8 1 , 007 
8 1 , 003 
8 1 , 021 
8 1 , 003 
8 1 , 027 
8 1 , 005 
8 1 , 018 
8 1 , 028 
pop 
9 1 , 007 
9 1 , 017 
9 1 , 016 
9 1 , 001 
9 1 , 001 
9 1 , 004 
9 1 , 001 
9 1 , 009 
9 1 , 029 
9 1 , 003 
9 1 , 001 
9 1 , 002 
9 1 , 007 
9 1 , 001 
9 1 , 009 
9 1 , 001 
9 1 , 001 
9 1 , 007 
9 1 , 009 
9 1 , 002 
pop 
10 1 , 005 
10 1 , 002 
10 1 , 007 
10 1 , 003 
10 1 , 002 
10 1 , 004 
10 1 , 001 
10 1 , 003 
10 1 , 003 
10 1 , 003 
10 1 , 009 
10 1 , 009 
10 1 , 004 
10 1 , 003 
10 1 , 003 
10 1 , 004 
10 1 , 002 
10 1 , 001 
10 1 , 002 
10 1 , 030 
