This sample file has been generated by the IBDSim program.
locus1_HKY85
pop 
1 1 , 001 
1 1 , 002 
1 1 , 003 
1 1 , 004 
1 1 , 003 
1 1 , 005 
1 1 , 001 
1 1 , 006 
1 1 , 007 
1 1 , 008 
1 1 , 003 
1 1 , 002 
1 1 , 009 
1 1 , 001 
1 1 , 010 
1 1 , 011 
1 1 , 003 
1 1 , 003 
1 1 , 004 
1 1 , 003 
pop 
2 1 , 012 
2 1 , 010 
2 1 , 007 
2 1 , 007 
2 1 , 001 
2 1 , 002 
2 1 , 002 
2 1 , 002 
2 1 , 004 
2 1 , 002 
2 1 , 010 
2 1 , 002 
2 1 , 002 
2 1 , 002 
2 1 , 004 
2 1 , 013 
2 1 , 007 
2 1 , 010 
2 1 , 002 
2 1 , 001 
pop 
3 1 , 012 
3 1 , 010 
3 1 , 003 
3 1 , 004 
3 1 , 001 
3 1 , 010 
3 1 , 007 
3 1 , 014 
3 1 , 002 
3 1 , 010 
3 1 , 009 
3 1 , 003 
3 1 , 010 
3 1 , 002 
3 1 , 003 
3 1 , 003 
3 1 , 003 
3 1 , 002 
3 1 , 001 
3 1 , 010 
pop 
4 1 , 003 
4 1 , 010 
4 1 , 003 
4 1 , 005 
4 1 , 007 
4 1 , 004 
4 1 , 005 
4 1 , 003 
4 1 , 001 
4 1 , 015 
4 1 , 001 
4 1 , 004 
4 1 , 003 
4 1 , 001 
4 1 , 003 
4 1 , 003 
4 1 , 002 
4 1 , 016 
4 1 , 007 
4 1 , 002 
pop 
5 1 , 017 
5 1 , 002 
5 1 , 004 
5 1 , 010 
5 1 , 004 
5 1 , 018 
5 1 , 002 
5 1 , 004 
5 1 , 002 
5 1 , 004 
5 1 , 002 
5 1 , 007 
5 1 , 010 
5 1 , 002 
5 1 , 003 
5 1 , 013 
5 1 , 002 
5 1 , 010 
5 1 , 002 
5 1 , 001 
pop 
6 1 , 015 
6 1 , 007 
6 1 , 002 
6 1 , 002 
6 1 , 015 
6 1 , 016 
6 1 , 001 
6 1 , 002 
6 1 , 007 
6 1 , 002 
6 1 , 010 
6 1 , 002 
6 1 , 001 
6 1 , 005 
6 1 , 002 
6 1 , 004 
6 1 , 010 
6 1 , 010 
6 1 , 002 
6 1 , 010 
pop 
7 1 , 001 
7 1 , 009 
7 1 , 004 
7 1 , 010 
7 1 , 007 
7 1 , 019 
7 1 , 002 
7 1 , 010 
7 1 , 013 
7 1 , 012 
7 1 , 002 
7 1 , 015 
7 1 , 002 
7 1 , 007 
7 1 , 004 
7 1 , 004 
7 1 , 003 
7 1 , 002 
7 1 , 010 
7 1 , 010 
pop 
8 1 , 008 
8 1 , 008 
8 1 , 002 
8 1 , 005 
8 1 , 001 
8 1 , 004 
8 1 , 002 
8 1 , 002 
8 1 , 004 
8 1 , 004 
8 1 , 001 
8 1 , 007 
8 1 , 002 
8 1 , 009 
8 1 , 007 
8 1 , 003 
8 1 , 003 
8 1 , 010 
8 1 , 019 
8 1 , 001 
pop 
9 1 , 009 
9 1 , 002 
9 1 , 003 
9 1 , 004 
9 1 , 010 
9 1 , 002 
9 1 , 020 
9 1 , 003 
9 1 , 002 
9 1 , 004 
9 1 , 004 
9 1 , 021 
9 1 , 003 
9 1 , 003 
9 1 , 010 
9 1 , 002 
9 1 , 020 
9 1 , 002 
9 1 , 001 
9 1 , 002 
pop 
10 1 , 002 
10 1 , 002 
10 1 , 007 
10 1 , 002 
10 1 , 004 
10 1 , 002 
10 1 , 002 
10 1 , 001 
10 1 , 002 
10 1 , 002 
10 1 , 006 
10 1 , 004 
10 1 , 001 
10 1 , 004 
10 1 , 002 
10 1 , 006 
10 1 , 002 
10 1 , 007 
10 1 , 002 
10 1 , 002 
