5 1 5 1 0.0972105
15 1 5 1 0.09535
15 1 15 1 0.0901579
25 1 5 1 0.100775
25 1 15 1 0.095625
25 1 25 1 0.0937368
35 1 5 1 0.094625
35 1 15 1 0.092625
35 1 25 1 0.09835
35 1 35 1 0.100737
45 1 5 1 0.099
45 1 15 1 0.093175
45 1 25 1 0.096175
45 1 35 1 0.097325
45 1 45 1 0.0969474
55 1 5 1 0.104675
55 1 15 1 0.09595
55 1 25 1 0.10115
55 1 35 1 0.102825
55 1 45 1 0.102475
55 1 55 1 0.107737
65 1 5 1 0.099
65 1 15 1 0.093825
65 1 25 1 0.0978
65 1 35 1 0.097025
65 1 45 1 0.1005
65 1 55 1 0.102075
65 1 65 1 0.100158
75 1 5 1 0.1004
75 1 15 1 0.093375
75 1 25 1 0.098825
75 1 35 1 0.1017
75 1 45 1 0.09995
75 1 55 1 0.104175
75 1 65 1 0.102025
75 1 75 1 0.100211
85 1 5 1 0.09525
85 1 15 1 0.0937
85 1 25 1 0.096225
85 1 35 1 0.096275
85 1 45 1 0.0964
85 1 55 1 0.10045
85 1 65 1 0.099125
85 1 75 1 0.097675
85 1 85 1 0.0930526
95 1 5 1 0.10045
95 1 15 1 0.09685
95 1 25 1 0.097925
95 1 35 1 0.098875
95 1 45 1 0.100275
95 1 55 1 0.103525
95 1 65 1 0.098125
95 1 75 1 0.099275
95 1 85 1 0.0968
95 1 95 1 0.104211
