 -100        0        0 0.000000000000 0.000000000000 
  -99        0        0 0.000000000000 0.000000000000 
  -98        0        0 0.000000000000 0.000000000000 
  -97        0        0 0.000000000000 0.000000000000 
  -96        0        0 0.000000000000 0.000000000000 
  -95        0        0 0.000000000000 0.000000000000 
  -94        0        0 0.000000000000 0.000000000000 
  -93        0        0 0.000000000000 0.000000000000 
  -92        0        0 0.000000000000 0.000000000000 
  -91        0        0 0.000000000000 0.000000000000 
  -90        0        0 0.000000000000 0.000000000000 
  -89        0        0 0.000000000000 0.000000000000 
  -88        0        0 0.000000000000 0.000000000000 
  -87        0        0 0.000000000000 0.000000000000 
  -86        0        0 0.000000000000 0.000000000000 
  -85        0        0 0.000000000000 0.000000000000 
  -84        0        0 0.000000000000 0.000000000000 
  -83        0        0 0.000000000000 0.000000000000 
  -82        0        0 0.000000000000 0.000000000000 
  -81        0        0 0.000000000000 0.000000000000 
  -80        0        0 0.000000000000 0.000000000000 
  -79        0        0 0.000000000000 0.000000000000 
  -78        0        0 0.000000000000 0.000000000000 
  -77        0        0 0.000000000000 0.000000000000 
  -76        0        0 0.000000000000 0.000000000000 
  -75        0        0 0.000000000000 0.000000000000 
  -74        0        0 0.000000000000 0.000000000000 
  -73        0        0 0.000000000000 0.000000000000 
  -72        0        0 0.000000000000 0.000000000000 
  -71        0        0 0.000000000000 0.000000000000 
  -70        0        0 0.000000000000 0.000000000000 
  -69        0        0 0.000000000000 0.000000000000 
  -68        0        0 0.000000000000 0.000000000000 
  -67        0        0 0.000000000000 0.000000000000 
  -66        0        0 0.000000000000 0.000000000000 
  -65        0        0 0.000000000000 0.000000000000 
  -64        0        0 0.000000000000 0.000000000000 
  -63        0        0 0.000000000000 0.000000000000 
  -62        0        0 0.000000000000 0.000000000000 
  -61        0        0 0.000000000000 0.000000000000 
  -60        0        0 0.000000000000 0.000000000000 
  -59        0        0 0.000000000000 0.000000000000 
  -58        0        0 0.000000000000 0.000000000000 
  -57        0        0 0.000000000000 0.000000000000 
  -56        0        0 0.000000000000 0.000000000000 
  -55        0        0 0.000000000000 0.000000000000 
  -54        0        0 0.000000000000 0.000000000000 
  -53        0        0 0.000000000000 0.000000000000 
  -52        0        0 0.000000000000 0.000000000000 
  -51        0        0 0.000000000000 0.000000000000 
  -50        0        0 0.000000000000 0.000000000000 
  -49        0        0 0.000000000000 0.000000000000 
  -48        0        0 0.000000000000 0.000000000000 
  -47        0        0 0.000000000000 0.000000000000 
  -46        0        0 0.000000000000 0.000000000000 
  -45        0        0 0.000000000000 0.000000000000 
  -44        1        0 0.000000009329 0.000000000000 
  -43        0        0 0.000000000000 0.000000000000 
  -42        0        0 0.000000000000 0.000000000000 
  -41        0        0 0.000000000000 0.000000000000 
  -40        0        0 0.000000000000 0.000000000000 
  -39        0        0 0.000000000000 0.000000000000 
  -38        0        0 0.000000000000 0.000000000000 
  -37        0        0 0.000000000000 0.000000000000 
  -36        0        0 0.000000000000 0.000000000000 
  -35        0        0 0.000000000000 0.000000000000 
  -34        0        0 0.000000000000 0.000000000000 
  -33        0        0 0.000000000000 0.000000000000 
  -32        0        0 0.000000000000 0.000000000000 
  -31        0        0 0.000000000000 0.000000000000 
  -30        1        0 0.000000009329 0.000000000000 
  -29        0        0 0.000000000000 0.000000000000 
  -28        0        0 0.000000000000 0.000000000000 
  -27        0        0 0.000000000000 0.000000000000 
  -26        0        0 0.000000000000 0.000000000000 
  -25        0        0 0.000000000000 0.000000000000 
  -24        0        0 0.000000000000 0.000000000000 
  -23        0        0 0.000000000000 0.000000000000 
  -22        0        0 0.000000000000 0.000000000000 
  -21        0        0 0.000000000000 0.000000000000 
  -20        0        0 0.000000000000 0.000000000000 
  -19        1        0 0.000000009329 0.000000000000 
  -18        0        0 0.000000000000 0.000000000000 
  -17        0        0 0.000000000000 0.000000000000 
  -16        0        0 0.000000000000 0.000000000000 
  -15        0        0 0.000000000000 0.000000000000 
  -14        0        0 0.000000000000 0.000000000000 
  -13        0        0 0.000000000000 0.000000000000 
  -12        0        0 0.000000000000 0.000000000000 
  -11        0        0 0.000000000000 0.000000000000 
  -10        0        0 0.000000000000 0.000000000000 
   -9      365        0 0.000003405033 0.000000000000 
   -8     1011        0 0.000009431476 0.000000000000 
   -7     1978        0 0.000018452482 0.000000000000 
   -6     3424        0 0.000031942011 0.000000000000 
   -5     6455        0 0.000060217781 0.000000000000 
   -4    12371        0 0.000115407306 0.000000000000 
   -3    25891        0 0.000241533471 0.000000000000 
   -2    66097        0 0.000616609549 0.000000000000 
   -1   295777        0 0.002759261730 0.000000000000 
    0 106365002 107194253 0.992264034901 1.000000000000 
    1   297951        0 0.002779542668 0.000000000000 
    2    65931        0 0.000615060959 0.000000000000 
    3    25855        0 0.000241197632 0.000000000000 
    4    12454        0 0.000116181602 0.000000000000 
    5     6740        0 0.000062876505 0.000000000000 
    6     3635        0 0.000033910400 0.000000000000 
    7     1910        0 0.000017818119 0.000000000000 
    8     1003        0 0.000009356845 0.000000000000 
    9      388        0 0.000003619597 0.000000000000 
   10        1        0 0.000000009329 0.000000000000 
   11        1        0 0.000000009329 0.000000000000 
   12        1        0 0.000000009329 0.000000000000 
   13        0        0 0.000000000000 0.000000000000 
   14        2        0 0.000000018658 0.000000000000 
   15        1        0 0.000000009329 0.000000000000 
   16        0        0 0.000000000000 0.000000000000 
   17        0        0 0.000000000000 0.000000000000 
   18        0        0 0.000000000000 0.000000000000 
   19        2        0 0.000000018658 0.000000000000 
   20        0        0 0.000000000000 0.000000000000 
   21        0        0 0.000000000000 0.000000000000 
   22        0        0 0.000000000000 0.000000000000 
   23        0        0 0.000000000000 0.000000000000 
   24        1        0 0.000000009329 0.000000000000 
   25        0        0 0.000000000000 0.000000000000 
   26        1        0 0.000000009329 0.000000000000 
   27        0        0 0.000000000000 0.000000000000 
   28        0        0 0.000000000000 0.000000000000 
   29        0        0 0.000000000000 0.000000000000 
   30        0        0 0.000000000000 0.000000000000 
   31        0        0 0.000000000000 0.000000000000 
   32        0        0 0.000000000000 0.000000000000 
   33        0        0 0.000000000000 0.000000000000 
   34        0        0 0.000000000000 0.000000000000 
   35        0        0 0.000000000000 0.000000000000 
   36        0        0 0.000000000000 0.000000000000 
   37        0        0 0.000000000000 0.000000000000 
   38        0        0 0.000000000000 0.000000000000 
   39        2        0 0.000000018658 0.000000000000 
   40        0        0 0.000000000000 0.000000000000 
   41        0        0 0.000000000000 0.000000000000 
   42        0        0 0.000000000000 0.000000000000 
   43        0        0 0.000000000000 0.000000000000 
   44        0        0 0.000000000000 0.000000000000 
   45        0        0 0.000000000000 0.000000000000 
   46        0        0 0.000000000000 0.000000000000 
   47        0        0 0.000000000000 0.000000000000 
   48        0        0 0.000000000000 0.000000000000 
   49        0        0 0.000000000000 0.000000000000 
   50        0        0 0.000000000000 0.000000000000 
   51        0        0 0.000000000000 0.000000000000 
   52        0        0 0.000000000000 0.000000000000 
   53        0        0 0.000000000000 0.000000000000 
   54        0        0 0.000000000000 0.000000000000 
   55        0        0 0.000000000000 0.000000000000 
   56        0        0 0.000000000000 0.000000000000 
   57        0        0 0.000000000000 0.000000000000 
   58        0        0 0.000000000000 0.000000000000 
   59        0        0 0.000000000000 0.000000000000 
   60        0        0 0.000000000000 0.000000000000 
   61        0        0 0.000000000000 0.000000000000 
   62        0        0 0.000000000000 0.000000000000 
   63        0        0 0.000000000000 0.000000000000 
   64        0        0 0.000000000000 0.000000000000 
   65        0        0 0.000000000000 0.000000000000 
   66        0        0 0.000000000000 0.000000000000 
   67        0        0 0.000000000000 0.000000000000 
   68        0        0 0.000000000000 0.000000000000 
   69        0        0 0.000000000000 0.000000000000 
   70        0        0 0.000000000000 0.000000000000 
   71        0        0 0.000000000000 0.000000000000 
   72        0        0 0.000000000000 0.000000000000 
   73        0        0 0.000000000000 0.000000000000 
   74        0        0 0.000000000000 0.000000000000 
   75        0        0 0.000000000000 0.000000000000 
   76        0        0 0.000000000000 0.000000000000 
   77        0        0 0.000000000000 0.000000000000 
   78        0        0 0.000000000000 0.000000000000 
   79        0        0 0.000000000000 0.000000000000 
   80        0        0 0.000000000000 0.000000000000 
   81        0        0 0.000000000000 0.000000000000 
   82        0        0 0.000000000000 0.000000000000 
   83        0        0 0.000000000000 0.000000000000 
   84        0        0 0.000000000000 0.000000000000 
   85        0        0 0.000000000000 0.000000000000 
   86        0        0 0.000000000000 0.000000000000 
   87        0        0 0.000000000000 0.000000000000 
   88        0        0 0.000000000000 0.000000000000 
   89        0        0 0.000000000000 0.000000000000 
   90        0        0 0.000000000000 0.000000000000 
   91        0        0 0.000000000000 0.000000000000 
   92        0        0 0.000000000000 0.000000000000 
   93        0        0 0.000000000000 0.000000000000 
   94        0        0 0.000000000000 0.000000000000 
   95        0        0 0.000000000000 0.000000000000 
   96        0        0 0.000000000000 0.000000000000 
   97        0        0 0.000000000000 0.000000000000 
   98        0        0 0.000000000000 0.000000000000 
   99        0        0 0.000000000000 0.000000000000 
  100        0        0 0.000000000000 0.000000000000 
Various statistics on the whole empirical distribution (non-central moments)
mean =   0.00004266   0.00000000 
non-central sigma2 =   0.02759802   0.00000000 
non-central kurtosis= 777.34010316   0.00000000 
non-central skewness=   0.04508224   0.00000000 
Various statistics on the semi empirical distribution (one side, axial dispersal, central moments)
mean axial dispersal =   0.01185783   0.00000000 
central/axial sigma2 =   0.02745741   0.00000000 
central/axial kurtosis= 778.91608602   0.00000000 
central/axial skewness=   3.70829625   0.00000000