  -10         0        0 0.000000000000 0.000000000000 
   -9         0        0 0.000000000000 0.000000000000 
   -8         0        0 0.000000000000 0.000000000000 
   -7         0        0 0.000000000000 0.000000000000 
   -6         0        0 0.000000000000 0.000000000000 
   -5         0        0 0.000000000000 0.000000000000 
   -4         0        0 0.000000000000 0.000000000000 
   -3         0        0 0.000000000000 0.000000000000 
   -2         0        0 0.000000000000 0.000000000000 
   -1       759        0 0.045095359753 0.000000000000 
    0     15320    16831 0.910225179728 1.000000000000 
    1       752        0 0.044679460519 0.000000000000 
    2         0        0 0.000000000000 0.000000000000 
    3         0        0 0.000000000000 0.000000000000 
    4         0        0 0.000000000000 0.000000000000 
    5         0        0 0.000000000000 0.000000000000 
    6         0        0 0.000000000000 0.000000000000 
    7         0        0 0.000000000000 0.000000000000 
    8         0        0 0.000000000000 0.000000000000 
    9         0        0 0.000000000000 0.000000000000 
   10         0        0 0.000000000000 0.000000000000 
Various statistics on the whole empirical distribution (non-central moments)
mean =  -0.00041590   0.00000000 
non-central sigma≤  =   0.08977482   0.00000000 
non-central kurtosis=   8.13898081   0.00000000 
non-central skewness=  -0.00463269   0.00000000 
Various statistics on the semi empirical distribution (one side, axial dispersal, central moments)
mean axial dispersal =   0.08977482   0.00000000 
central/axial sigma≤  =   0.08171530   0.00000000 
central/axial kurtosis=   6.23761005   0.00000000 
central/axial skewness=   0.82045036   0.00000000