This sample file has been generated by the IBDSim program.
locus1_HKY85
pop 
1 1 , 001 
1 1 , 002 
1 1 , 003 
1 1 , 004 
1 1 , 001 
1 1 , 005 
1 1 , 002 
1 1 , 001 
1 1 , 006 
1 1 , 001 
1 1 , 007 
1 1 , 007 
1 1 , 002 
1 1 , 008 
1 1 , 002 
1 1 , 009 
1 1 , 008 
1 1 , 003 
1 1 , 010 
1 1 , 011 
pop 
2 1 , 002 
2 1 , 001 
2 1 , 003 
2 1 , 001 
2 1 , 007 
2 1 , 012 
2 1 , 013 
2 1 , 001 
2 1 , 008 
2 1 , 012 
2 1 , 012 
2 1 , 008 
2 1 , 001 
2 1 , 002 
2 1 , 007 
2 1 , 014 
2 1 , 003 
2 1 , 002 
2 1 , 007 
2 1 , 007 
pop 
3 1 , 007 
3 1 , 002 
3 1 , 009 
3 1 , 015 
3 1 , 012 
3 1 , 016 
3 1 , 011 
3 1 , 003 
3 1 , 007 
3 1 , 002 
3 1 , 016 
3 1 , 008 
3 1 , 015 
3 1 , 001 
3 1 , 007 
3 1 , 012 
3 1 , 008 
3 1 , 002 
3 1 , 001 
3 1 , 002 
pop 
4 1 , 001 
4 1 , 002 
4 1 , 009 
4 1 , 017 
4 1 , 008 
4 1 , 002 
4 1 , 017 
4 1 , 002 
4 1 , 002 
4 1 , 007 
4 1 , 015 
4 1 , 001 
4 1 , 012 
4 1 , 015 
4 1 , 001 
4 1 , 002 
4 1 , 012 
4 1 , 016 
4 1 , 002 
4 1 , 008 
pop 
5 1 , 018 
5 1 , 001 
5 1 , 019 
5 1 , 011 
5 1 , 008 
5 1 , 020 
5 1 , 003 
5 1 , 001 
5 1 , 015 
5 1 , 001 
5 1 , 015 
5 1 , 001 
5 1 , 018 
5 1 , 015 
5 1 , 011 
5 1 , 021 
5 1 , 004 
5 1 , 022 
5 1 , 011 
5 1 , 007 
pop 
6 1 , 011 
6 1 , 007 
6 1 , 007 
6 1 , 010 
6 1 , 003 
6 1 , 023 
6 1 , 013 
6 1 , 020 
6 1 , 010 
6 1 , 024 
6 1 , 010 
6 1 , 025 
6 1 , 026 
6 1 , 002 
6 1 , 008 
6 1 , 001 
6 1 , 027 
6 1 , 028 
6 1 , 018 
6 1 , 001 
pop 
7 1 , 020 
7 1 , 029 
7 1 , 002 
7 1 , 008 
7 1 , 001 
7 1 , 008 
7 1 , 008 
7 1 , 027 
7 1 , 003 
7 1 , 002 
7 1 , 008 
7 1 , 017 
7 1 , 008 
7 1 , 012 
7 1 , 011 
7 1 , 015 
7 1 , 007 
7 1 , 004 
7 1 , 011 
7 1 , 008 
pop 
8 1 , 024 
8 1 , 015 
8 1 , 002 
8 1 , 008 
8 1 , 001 
8 1 , 030 
8 1 , 018 
8 1 , 020 
8 1 , 002 
8 1 , 025 
8 1 , 031 
8 1 , 015 
8 1 , 025 
8 1 , 029 
8 1 , 032 
8 1 , 021 
8 1 , 002 
8 1 , 027 
8 1 , 001 
8 1 , 022 
pop 
9 1 , 012 
9 1 , 008 
9 1 , 012 
9 1 , 030 
9 1 , 020 
9 1 , 008 
9 1 , 012 
9 1 , 015 
9 1 , 025 
9 1 , 002 
9 1 , 012 
9 1 , 029 
9 1 , 008 
9 1 , 002 
9 1 , 002 
9 1 , 033 
9 1 , 001 
9 1 , 012 
9 1 , 002 
9 1 , 021 
pop 
10 1 , 002 
10 1 , 007 
10 1 , 025 
10 1 , 027 
10 1 , 001 
10 1 , 002 
10 1 , 002 
10 1 , 034 
10 1 , 029 
10 1 , 033 
10 1 , 002 
10 1 , 001 
10 1 , 035 
10 1 , 036 
10 1 , 020 
10 1 , 008 
10 1 , 022 
10 1 , 008 
10 1 , 034 
10 1 , 001 
