This sample file has been generated by the IBDSim program.
locus1_HKY85
pop 
1 1 , 001 
1 1 , 002 
1 1 , 003 
1 1 , 004 
1 1 , 005 
1 1 , 006 
1 1 , 003 
1 1 , 007 
1 1 , 008 
1 1 , 009 
1 1 , 002 
1 1 , 010 
1 1 , 011 
1 1 , 004 
1 1 , 005 
1 1 , 012 
1 1 , 007 
1 1 , 013 
1 1 , 005 
1 1 , 009 
pop 
2 1 , 003 
2 1 , 014 
2 1 , 001 
2 1 , 005 
2 1 , 012 
2 1 , 012 
2 1 , 007 
2 1 , 014 
2 1 , 015 
2 1 , 008 
2 1 , 007 
2 1 , 005 
2 1 , 009 
2 1 , 005 
2 1 , 004 
2 1 , 007 
2 1 , 005 
2 1 , 001 
2 1 , 006 
2 1 , 014 
pop 
3 1 , 009 
3 1 , 005 
3 1 , 011 
3 1 , 001 
3 1 , 001 
3 1 , 016 
3 1 , 007 
3 1 , 001 
3 1 , 011 
3 1 , 001 
3 1 , 003 
3 1 , 007 
3 1 , 002 
3 1 , 001 
3 1 , 016 
3 1 , 007 
3 1 , 003 
3 1 , 017 
3 1 , 005 
3 1 , 009 
pop 
4 1 , 006 
4 1 , 007 
4 1 , 004 
4 1 , 002 
4 1 , 005 
4 1 , 003 
4 1 , 001 
4 1 , 014 
4 1 , 002 
4 1 , 003 
4 1 , 002 
4 1 , 001 
4 1 , 014 
4 1 , 009 
4 1 , 007 
4 1 , 015 
4 1 , 005 
4 1 , 007 
4 1 , 007 
4 1 , 009 
pop 
5 1 , 007 
5 1 , 016 
5 1 , 003 
5 1 , 002 
5 1 , 002 
5 1 , 005 
5 1 , 014 
5 1 , 018 
5 1 , 005 
5 1 , 005 
5 1 , 001 
5 1 , 004 
5 1 , 005 
5 1 , 005 
5 1 , 014 
5 1 , 001 
5 1 , 019 
5 1 , 004 
5 1 , 003 
5 1 , 005 
pop 
6 1 , 003 
6 1 , 005 
6 1 , 003 
6 1 , 014 
6 1 , 006 
6 1 , 002 
6 1 , 003 
6 1 , 011 
6 1 , 005 
6 1 , 005 
6 1 , 015 
6 1 , 015 
6 1 , 002 
6 1 , 005 
6 1 , 001 
6 1 , 007 
6 1 , 020 
6 1 , 021 
6 1 , 002 
6 1 , 011 
pop 
7 1 , 005 
7 1 , 003 
7 1 , 003 
7 1 , 011 
7 1 , 014 
7 1 , 005 
7 1 , 005 
7 1 , 004 
7 1 , 005 
7 1 , 007 
7 1 , 011 
7 1 , 003 
7 1 , 014 
7 1 , 004 
7 1 , 007 
7 1 , 003 
7 1 , 003 
7 1 , 003 
7 1 , 019 
7 1 , 007 
pop 
8 1 , 002 
8 1 , 007 
8 1 , 001 
8 1 , 011 
8 1 , 004 
8 1 , 011 
8 1 , 022 
8 1 , 007 
8 1 , 005 
8 1 , 005 
8 1 , 022 
8 1 , 011 
8 1 , 023 
8 1 , 004 
8 1 , 002 
8 1 , 024 
8 1 , 015 
8 1 , 025 
8 1 , 002 
8 1 , 007 
pop 
9 1 , 018 
9 1 , 018 
9 1 , 003 
9 1 , 005 
9 1 , 018 
9 1 , 011 
9 1 , 026 
9 1 , 007 
9 1 , 009 
9 1 , 005 
9 1 , 009 
9 1 , 022 
9 1 , 005 
9 1 , 022 
9 1 , 018 
9 1 , 011 
9 1 , 009 
9 1 , 001 
9 1 , 025 
9 1 , 007 
pop 
10 1 , 007 
10 1 , 027 
10 1 , 003 
10 1 , 022 
10 1 , 004 
10 1 , 015 
10 1 , 015 
10 1 , 005 
10 1 , 002 
10 1 , 004 
10 1 , 011 
10 1 , 018 
10 1 , 011 
10 1 , 015 
10 1 , 011 
10 1 , 011 
10 1 , 011 
10 1 , 022 
10 1 , 005 
10 1 , 009 
