This sample file has been generated by the IBDSim program.
locus1_HKY85
pop 
1 1 , 001 
1 1 , 002 
1 1 , 003 
1 1 , 001 
1 1 , 004 
1 1 , 003 
1 1 , 005 
1 1 , 001 
1 1 , 006 
1 1 , 001 
1 1 , 004 
1 1 , 007 
1 1 , 001 
1 1 , 001 
1 1 , 001 
1 1 , 008 
1 1 , 004 
1 1 , 003 
1 1 , 009 
1 1 , 010 
pop 
2 1 , 001 
2 1 , 011 
2 1 , 009 
2 1 , 004 
2 1 , 001 
2 1 , 010 
2 1 , 004 
2 1 , 011 
2 1 , 012 
2 1 , 013 
2 1 , 003 
2 1 , 010 
2 1 , 013 
2 1 , 003 
2 1 , 011 
2 1 , 010 
2 1 , 010 
2 1 , 013 
2 1 , 003 
2 1 , 003 
pop 
3 1 , 012 
3 1 , 004 
3 1 , 012 
3 1 , 011 
3 1 , 001 
3 1 , 010 
3 1 , 010 
3 1 , 002 
3 1 , 004 
3 1 , 003 
3 1 , 012 
3 1 , 004 
3 1 , 004 
3 1 , 014 
3 1 , 012 
3 1 , 001 
3 1 , 011 
3 1 , 008 
3 1 , 009 
3 1 , 004 
pop 
4 1 , 007 
4 1 , 015 
4 1 , 004 
4 1 , 001 
4 1 , 016 
4 1 , 014 
4 1 , 010 
4 1 , 010 
4 1 , 015 
4 1 , 004 
4 1 , 012 
4 1 , 004 
4 1 , 001 
4 1 , 001 
4 1 , 012 
4 1 , 001 
4 1 , 009 
4 1 , 001 
4 1 , 003 
4 1 , 017 
pop 
5 1 , 007 
5 1 , 010 
5 1 , 001 
5 1 , 010 
5 1 , 001 
5 1 , 016 
5 1 , 018 
5 1 , 007 
5 1 , 019 
5 1 , 004 
5 1 , 001 
5 1 , 012 
5 1 , 020 
5 1 , 008 
5 1 , 012 
5 1 , 004 
5 1 , 004 
5 1 , 021 
5 1 , 006 
5 1 , 010 
pop 
6 1 , 004 
6 1 , 004 
6 1 , 016 
6 1 , 003 
6 1 , 010 
6 1 , 010 
6 1 , 010 
6 1 , 016 
6 1 , 004 
6 1 , 010 
6 1 , 006 
6 1 , 004 
6 1 , 004 
6 1 , 004 
6 1 , 019 
6 1 , 019 
6 1 , 010 
6 1 , 008 
6 1 , 021 
6 1 , 011 
pop 
7 1 , 008 
7 1 , 004 
7 1 , 021 
7 1 , 019 
7 1 , 004 
7 1 , 004 
7 1 , 001 
7 1 , 004 
7 1 , 004 
7 1 , 001 
7 1 , 022 
7 1 , 001 
7 1 , 023 
7 1 , 024 
7 1 , 008 
7 1 , 023 
7 1 , 007 
7 1 , 025 
7 1 , 004 
7 1 , 011 
pop 
8 1 , 014 
8 1 , 007 
8 1 , 003 
8 1 , 013 
8 1 , 008 
8 1 , 008 
8 1 , 007 
8 1 , 024 
8 1 , 004 
8 1 , 003 
8 1 , 004 
8 1 , 013 
8 1 , 001 
8 1 , 011 
8 1 , 001 
8 1 , 003 
8 1 , 007 
8 1 , 004 
8 1 , 003 
8 1 , 024 
pop 
9 1 , 004 
9 1 , 011 
9 1 , 004 
9 1 , 026 
9 1 , 003 
9 1 , 001 
9 1 , 003 
9 1 , 010 
9 1 , 004 
9 1 , 001 
9 1 , 003 
9 1 , 001 
9 1 , 010 
9 1 , 004 
9 1 , 004 
9 1 , 007 
9 1 , 001 
9 1 , 025 
9 1 , 014 
9 1 , 007 
pop 
10 1 , 010 
10 1 , 001 
10 1 , 021 
10 1 , 016 
10 1 , 004 
10 1 , 003 
10 1 , 008 
10 1 , 008 
10 1 , 025 
10 1 , 001 
10 1 , 001 
10 1 , 027 
10 1 , 004 
10 1 , 027 
10 1 , 028 
10 1 , 004 
10 1 , 003 
10 1 , 003 
10 1 , 010 
10 1 , 007 
