This sample file has been generated by the IBDSim program.
locus1_HKY85
pop 
1 1 , 001 
1 1 , 002 
1 1 , 003 
1 1 , 004 
1 1 , 005 
1 1 , 006 
1 1 , 007 
1 1 , 008 
1 1 , 009 
1 1 , 010 
1 1 , 011 
1 1 , 008 
1 1 , 006 
1 1 , 006 
1 1 , 012 
1 1 , 013 
1 1 , 003 
1 1 , 006 
1 1 , 014 
1 1 , 012 
pop 
2 1 , 015 
2 1 , 006 
2 1 , 001 
2 1 , 016 
2 1 , 017 
2 1 , 006 
2 1 , 018 
2 1 , 005 
2 1 , 001 
2 1 , 006 
2 1 , 003 
2 1 , 009 
2 1 , 014 
2 1 , 019 
2 1 , 020 
2 1 , 018 
2 1 , 020 
2 1 , 003 
2 1 , 006 
2 1 , 005 
pop 
3 1 , 001 
3 1 , 001 
3 1 , 021 
3 1 , 011 
3 1 , 005 
3 1 , 001 
3 1 , 006 
3 1 , 002 
3 1 , 008 
3 1 , 022 
3 1 , 019 
3 1 , 010 
3 1 , 005 
3 1 , 023 
3 1 , 003 
3 1 , 004 
3 1 , 002 
3 1 , 024 
3 1 , 025 
3 1 , 003 
pop 
4 1 , 001 
4 1 , 006 
4 1 , 025 
4 1 , 004 
4 1 , 025 
4 1 , 002 
4 1 , 005 
4 1 , 002 
4 1 , 003 
4 1 , 022 
4 1 , 006 
4 1 , 024 
4 1 , 007 
4 1 , 024 
4 1 , 001 
4 1 , 026 
4 1 , 002 
4 1 , 001 
4 1 , 001 
4 1 , 021 
pop 
5 1 , 003 
5 1 , 003 
5 1 , 006 
5 1 , 015 
5 1 , 001 
5 1 , 024 
5 1 , 009 
5 1 , 005 
5 1 , 005 
5 1 , 002 
5 1 , 024 
5 1 , 005 
5 1 , 027 
5 1 , 001 
5 1 , 006 
5 1 , 005 
5 1 , 012 
5 1 , 002 
5 1 , 001 
5 1 , 005 
pop 
6 1 , 009 
6 1 , 028 
6 1 , 029 
6 1 , 028 
6 1 , 004 
6 1 , 009 
6 1 , 024 
6 1 , 005 
6 1 , 025 
6 1 , 005 
6 1 , 030 
6 1 , 007 
6 1 , 018 
6 1 , 019 
6 1 , 002 
6 1 , 024 
6 1 , 012 
6 1 , 001 
6 1 , 006 
6 1 , 002 
pop 
7 1 , 005 
7 1 , 002 
7 1 , 019 
7 1 , 006 
7 1 , 003 
7 1 , 009 
7 1 , 002 
7 1 , 006 
7 1 , 002 
7 1 , 005 
7 1 , 015 
7 1 , 012 
7 1 , 031 
7 1 , 006 
7 1 , 001 
7 1 , 012 
7 1 , 005 
7 1 , 012 
7 1 , 025 
7 1 , 005 
pop 
8 1 , 024 
8 1 , 032 
8 1 , 033 
8 1 , 003 
8 1 , 019 
8 1 , 007 
8 1 , 007 
8 1 , 014 
8 1 , 019 
8 1 , 006 
8 1 , 006 
8 1 , 002 
8 1 , 002 
8 1 , 003 
8 1 , 009 
8 1 , 024 
8 1 , 005 
8 1 , 024 
8 1 , 004 
8 1 , 003 
pop 
9 1 , 011 
9 1 , 005 
9 1 , 012 
9 1 , 007 
9 1 , 012 
9 1 , 001 
9 1 , 023 
9 1 , 034 
9 1 , 032 
9 1 , 035 
9 1 , 001 
9 1 , 003 
9 1 , 019 
9 1 , 012 
9 1 , 005 
9 1 , 005 
9 1 , 001 
9 1 , 009 
9 1 , 009 
9 1 , 024 
pop 
10 1 , 002 
10 1 , 002 
10 1 , 005 
10 1 , 006 
10 1 , 024 
10 1 , 011 
10 1 , 018 
10 1 , 036 
10 1 , 012 
10 1 , 006 
10 1 , 011 
10 1 , 002 
10 1 , 002 
10 1 , 002 
10 1 , 006 
10 1 , 006 
10 1 , 011 
10 1 , 009 
10 1 , 037 
10 1 , 002 
