This sample file has been generated by the IBDSim program.
locus1_HKY85
pop 
1 1 , 001 
1 1 , 002 
1 1 , 001 
1 1 , 003 
1 1 , 004 
1 1 , 003 
1 1 , 005 
1 1 , 006 
1 1 , 007 
1 1 , 001 
1 1 , 008 
1 1 , 004 
1 1 , 006 
1 1 , 007 
1 1 , 002 
1 1 , 009 
1 1 , 010 
1 1 , 007 
1 1 , 001 
1 1 , 011 
pop 
2 1 , 007 
2 1 , 004 
2 1 , 012 
2 1 , 013 
2 1 , 014 
2 1 , 015 
2 1 , 006 
2 1 , 002 
2 1 , 005 
2 1 , 006 
2 1 , 007 
2 1 , 004 
2 1 , 016 
2 1 , 017 
2 1 , 002 
2 1 , 018 
2 1 , 019 
2 1 , 007 
2 1 , 005 
2 1 , 020 
pop 
3 1 , 007 
3 1 , 013 
3 1 , 021 
3 1 , 013 
3 1 , 007 
3 1 , 007 
3 1 , 007 
3 1 , 018 
3 1 , 003 
3 1 , 006 
3 1 , 007 
3 1 , 001 
3 1 , 003 
3 1 , 005 
3 1 , 007 
3 1 , 005 
3 1 , 017 
3 1 , 001 
3 1 , 005 
3 1 , 002 
pop 
4 1 , 017 
4 1 , 004 
4 1 , 003 
4 1 , 004 
4 1 , 017 
4 1 , 007 
4 1 , 014 
4 1 , 001 
4 1 , 001 
4 1 , 007 
4 1 , 013 
4 1 , 017 
4 1 , 013 
4 1 , 007 
4 1 , 001 
4 1 , 002 
4 1 , 007 
4 1 , 002 
4 1 , 020 
4 1 , 006 
pop 
5 1 , 017 
5 1 , 022 
5 1 , 001 
5 1 , 006 
5 1 , 005 
5 1 , 007 
5 1 , 004 
5 1 , 008 
5 1 , 015 
5 1 , 011 
5 1 , 013 
5 1 , 015 
5 1 , 007 
5 1 , 006 
5 1 , 021 
5 1 , 013 
5 1 , 006 
5 1 , 006 
5 1 , 001 
5 1 , 001 
pop 
6 1 , 001 
6 1 , 015 
6 1 , 008 
6 1 , 001 
6 1 , 014 
6 1 , 004 
6 1 , 004 
6 1 , 004 
6 1 , 004 
6 1 , 023 
6 1 , 003 
6 1 , 017 
6 1 , 024 
6 1 , 007 
6 1 , 014 
6 1 , 014 
6 1 , 005 
6 1 , 005 
6 1 , 014 
6 1 , 004 
pop 
7 1 , 012 
7 1 , 004 
7 1 , 024 
7 1 , 025 
7 1 , 003 
7 1 , 007 
7 1 , 004 
7 1 , 011 
7 1 , 018 
7 1 , 017 
7 1 , 001 
7 1 , 007 
7 1 , 008 
7 1 , 004 
7 1 , 006 
7 1 , 007 
7 1 , 002 
7 1 , 022 
7 1 , 026 
7 1 , 012 
pop 
8 1 , 018 
8 1 , 017 
8 1 , 007 
8 1 , 014 
8 1 , 025 
8 1 , 007 
8 1 , 008 
8 1 , 014 
8 1 , 001 
8 1 , 005 
8 1 , 005 
8 1 , 002 
8 1 , 015 
8 1 , 003 
8 1 , 013 
8 1 , 003 
8 1 , 002 
8 1 , 014 
8 1 , 007 
8 1 , 004 
pop 
9 1 , 004 
9 1 , 008 
9 1 , 006 
9 1 , 022 
9 1 , 003 
9 1 , 004 
9 1 , 006 
9 1 , 004 
9 1 , 017 
9 1 , 007 
9 1 , 007 
9 1 , 007 
9 1 , 003 
9 1 , 002 
9 1 , 018 
9 1 , 003 
9 1 , 002 
9 1 , 005 
9 1 , 017 
9 1 , 013 
pop 
10 1 , 005 
10 1 , 006 
10 1 , 006 
10 1 , 004 
10 1 , 003 
10 1 , 020 
10 1 , 020 
10 1 , 004 
10 1 , 006 
10 1 , 006 
10 1 , 013 
10 1 , 003 
10 1 , 025 
10 1 , 007 
10 1 , 002 
10 1 , 004 
10 1 , 024 
10 1 , 006 
10 1 , 005 
10 1 , 006 
