1 1 1 1 0.109947
2 1 1 1 0.104375
2 1 2 1 0.105474
3 1 1 1 0.0946
3 1 2 1 0.098175
3 1 3 1 0.0926316
4 1 1 1 0.091475
4 1 2 1 0.0916
4 1 3 1 0.092475
4 1 4 1 0.0964211
5 1 1 1 0.085825
5 1 2 1 0.085775
5 1 3 1 0.086375
5 1 4 1 0.095325
5 1 5 1 0.0948947
6 1 1 1 0.079175
6 1 2 1 0.080525
6 1 3 1 0.07845
6 1 4 1 0.084075
6 1 5 1 0.0865
6 1 6 1 0.0877895
7 1 1 1 0.077525
7 1 2 1 0.079125
7 1 3 1 0.079625
7 1 4 1 0.08715
7 1 5 1 0.0852
7 1 6 1 0.0857
7 1 7 1 0.0936842
8 1 1 1 0.076475
8 1 2 1 0.079225
8 1 3 1 0.07665
8 1 4 1 0.0858
8 1 5 1 0.082625
8 1 6 1 0.083175
8 1 7 1 0.0909
8 1 8 1 0.0966316
9 1 1 1 0.07805
9 1 2 1 0.0821
9 1 3 1 0.079475
9 1 4 1 0.084525
9 1 5 1 0.086
9 1 6 1 0.08445
9 1 7 1 0.09235
9 1 8 1 0.097525
9 1 9 1 0.109789
10 1 1 1 0.079175
10 1 2 1 0.0804
10 1 3 1 0.077525
10 1 4 1 0.087325
10 1 5 1 0.08745
10 1 6 1 0.086675
10 1 7 1 0.094675
10 1 8 1 0.100225
10 1 9 1 0.107125
10 1 10 1 0.117579
