1 1 1 1 0.407
2 1 1 1 0.171325
2 1 2 1 0.341684
3 1 1 1 0.06975
3 1 2 1 0.151925
3 1 3 1 0.326684
4 1 1 1 0.0238
4 1 2 1 0.044725
4 1 3 1 0.1183
4 1 4 1 0.324842
5 1 1 1 0.006825
5 1 2 1 0.0177
5 1 3 1 0.043825
5 1 4 1 0.1237
5 1 5 1 0.309789
6 1 1 1 0.007525
6 1 2 1 0.00605
6 1 3 1 0.0133
6 1 4 1 0.0468
6 1 5 1 0.1123
6 1 6 1 0.312579
7 1 1 1 0.00205
7 1 2 1 0.0007
7 1 3 1 0.0046
7 1 4 1 0.0151
7 1 5 1 0.034575
7 1 6 1 0.11335
7 1 7 1 0.293684
8 1 1 1 0.000375
8 1 2 1 0.000175
8 1 3 1 0.001125
8 1 4 1 0.005175
8 1 5 1 0.015075
8 1 6 1 0.038175
8 1 7 1 0.123275
8 1 8 1 0.347053
9 1 1 1 0
9 1 2 1 0
9 1 3 1 0
9 1 4 1 0.000525
9 1 5 1 0.006
9 1 6 1 0.022575
9 1 7 1 0.0626
9 1 8 1 0.132925
9 1 9 1 0.312737
10 1 1 1 0.00225
10 1 2 1 0
10 1 3 1 0
10 1 4 1 0.0006
10 1 5 1 0.00765
10 1 6 1 0.01965
10 1 7 1 0.029875
10 1 8 1 0.071425
10 1 9 1 0.155075
10 1 10 1 0.362526
