10 10. pareto2_m5.txt under GSM; 10 x 1 diploid individuals  evolving at G=0 on a 10 x 1 lattice with absorbing boundaries; mutation proba=0.0005; replicate # 5; Mrca Moy= 35701.2; MRCA MAX=101956
20 pop51
1     , 84. 84 99. 102 129. 135 84. 93 96. 96 105. 93 96. 90 72. 93 72. 117 105. 102
2     , 84. 102 99. 75 129. 129 87. 66 99. 96 108. 111 102. 111 78. 78 81. 105 102. 93
3     , 102. 87 90. 99 135. 114 90. 90 99. 96 93. 114 93. 96 75. 78 117. 114 96. 108
4     , 105. 78 78. 84 141. 165 84. 90 99. 105 108. 120 84. 90 75. 78 114. 72 96. 108
5     , 87. 66 78. 99 135. 138 108. 66 105. 96 87. 114 90. 114 75. 105 114. 108 102. 102
6     , 87. 87 69. 96 138. 141 90. 96 99. 96 114. 87 87. 81 108. 78 120. 114 108. 108
7     , 87. 105 90. 84 135. 135 78. 96 108. 102 108. 93 87. 93 81. 75 114. 108 93. 108
8     , 87. 105 99. 93 123. 141 123. 90 93. 96 87. 87 87. 81 75. 78 120. 87 108. 99
9     , 102. 87 96. 93 135. 150 87. 96 99. 111 87. 93 93. 111 117. 72 105. 120 84. 99
10     , 87. 87 72. 102 138. 150 96. 90 102. 99 129. 120 81. 81 81. 72 120. 99 99. 96
11     , 78. 75 90. 90 129. 126 90. 84 105. 96 90. 87 96. 93 78. 60 108. 105 81. 105
12     , 93. 78 93. 99 129. 135 90. 99 96. 108 87. 108 81. 93 93. 78 108. 93 78. 108
13     , 78. 81 99. 72 123. 123 96. 93 96. 102 93. 120 87. 93 69. 117 117. 87 99. 78
14     , 81. 81 99. 72 129. 147 93. 90 99. 102 120. 108 87. 93 72. 111 102. 120 108. 78
15     , 78. 84 99. 96 114. 135 90. 90 102. 93 93. 87 108. 93 75. 78 105. 108 96. 99
16     , 108. 75 102. 96 150. 147 90. 90 84. 105 114. 105 90. 87 72. 69 93. 114 108. 99
17     , 84. 102 96. 78 138. 135 99. 84 102. 99 108. 93 102. 84 75. 117 114. 93 105. 78
18     , 78. 75 99. 99 117. 129 84. 96 99. 105 90. 114 81. 81 60. 120 72. 108 81. 102
19     , 75. 87 93. 96 114. 135 102. 96 96. 102 111. 120 90. 90 81. 117 102. 120 96. 99
20     , 105. 78 96. 93 129. 147 93. 96 99. 102 99. 114 114. 81 75. 114 99. 66 99. 99
20 pop151
21     , 87. 102 99. 72 132. 135 96. 90 99. 96 105. 120 96. 93 120. 93 105. 81 99. 99
22     , 87. 87 96. 96 150. 144 90. 90 96. 99 90. 87 87. 81 117. 114 108. 108 84. 99
23     , 87. 78 75. 78 129. 129 87. 123 105. 96 99. 108 105. 81 78. 78 96. 123 99. 84
24     , 78. 105 90. 78 153. 138 87. 93 96. 99 108. 87 114. 114 72. 75 114. 96 99. 99
25     , 75. 87 102. 99 135. 111 90. 81 108. 99 108. 87 81. 132 75. 72 72. 105 108. 108
26     , 108. 90 102. 102 135. 141 96. 93 99. 99 90. 99 90. 111 78. 72 96. 114 87. 108
27     , 81. 84 90. 99 132. 144 78. 93 96. 96 93. 105 111. 81 78. 84 120. 99 81. 102
28     , 78. 78 84. 93 150. 129 84. 96 105. 96 114. 108 81. 93 75. 78 102. 108 81. 102
29     , 75. 75 93. 96 129. 138 84. 96 102. 99 87. 90 81. 111 72. 72 99. 120 93. 99
30     , 81. 81 93. 102 126. 114 93. 90 105. 99 108. 90 93. 96 75. 75 117. 72 111. 108
31     , 87. 81 96. 99 114. 138 81. 87 87. 96 93. 108 81. 93 75. 78 117. 111 84. 99
32     , 87. 87 87. 102 147. 138 96. 99 105. 108 84. 87 114. 96 72. 72 108. 108 99. 99
33     , 102. 78 87. 93 141. 114 66. 96 99. 108 108. 93 90. 81 81. 96 120. 111 108. 99
34     , 84. 87 90. 111 129. 144 108. 84 102. 96 111. 108 108. 87 78. 78 111. 114 99. 99
35     , 81. 105 75. 72 129. 144 96. 84 96. 102 108. 93 111. 90 72. 81 87. 87 84. 99
36     , 108. 105 84. 99 141. 150 123. 90 108. 108 87. 90 84. 90 72. 60 99. 120 99. 99
37     , 84. 75 72. 75 132. 144 102. 90 99. 102 108. 108 93. 132 84. 72 105. 102 96. 102
38     , 75. 87 99. 99 150. 141 87. 84 99. 105 108. 87 96. 93 66. 72 96. 93 81. 78
39     , 87. 81 84. 99 129. 138 84. 66 99. 102 108. 87 81. 111 72. 117 72. 126 108. 99
40     , 84. 84 78. 99 150. 138 96. 84 99. 102 108. 105 87. 87 111. 75 108. 120 99. 108
20 pop251
41     , 87. 75 72. 96 138. 144 96. 78 102. 99 108. 93 90. 84 78. 78 93. 114 102. 108
42     , 81. 93 99. 93 129. 129 87. 96 84. 99 105. 93 87. 87 111. 81 126. 81 99. 108
43     , 87. 90 84. 99 129. 129 93. 93 105. 93 114. 93 111. 90 75. 81 117. 117 99. 84
44     , 78. 102 99. 102 129. 138 99. 99 96. 99 105. 93 90. 111 105. 78 96. 120 99. 96
45     , 78. 78 87. 99 135. 129 96. 87 96. 105 96. 93 87. 87 72. 78 99. 105 108. 102
46     , 84. 90 87. 102 138. 129 108. 123 93. 84 105. 90 96. 114 81. 78 108. 108 99. 99
47     , 87. 87 96. 93 135. 147 90. 93 93. 90 111. 87 84. 84 75. 81 99. 114 108. 99
48     , 84. 87 75. 99 138. 141 102. 108 96. 96 102. 99 96. 90 78. 78 108. 114 99. 99
49     , 84. 102 90. 87 114. 135 96. 81 93. 96 87. 90 84. 81 78. 75 96. 114 99. 111
50     , 78. 87 72. 99 141. 138 123. 123 96. 108 84. 114 90. 90 78. 75 105. 105 96. 99
51     , 78. 84 96. 99 144. 135 90. 96 96. 102 87. 87 96. 96 75. 81 72. 108 102. 99
52     , 81. 87 72. 90 144. 123 84. 87 96. 99 108. 87 90. 90 75. 78 108. 114 111. 99
53     , 75. 111 105. 96 138. 144 96. 90 96. 96 120. 93 84. 81 72. 75 114. 114 99. 102
54     , 81. 87 96. 90 135. 138 90. 102 105. 105 105. 105 114. 114 75. 75 111. 102 99. 96
55     , 102. 84 105. 72 129. 135 84. 66 87. 93 93. 87 84. 102 108. 75 111. 108 78. 96
56     , 84. 90 105. 78 129. 135 96. 96 99. 96 108. 120 87. 84 75. 75 108. 108 99. 81
57     , 90. 102 105. 90 129. 141 96. 90 102. 108 87. 90 111. 114 81. 78 105. 105 108. 99
58     , 84. 102 84. 99 162. 138 108. 90 99. 105 108. 111 87. 96 78. 72 96. 108 102. 108
59     , 81. 84 99. 102 141. 135 84. 93 96. 105 120. 93 114. 81 69. 78 93. 108 108. 96
60     , 87. 75 87. 96 135. 141 93. 78 99. 108 108. 93 90. 93 117. 75 120. 108 108. 105
20 pop351
61     , 93. 108 72. 99 135. 138 99. 96 96. 105 120. 120 114. 81 72. 72 114. 102 81. 78
62     , 75. 78 87. 102 138. 141 90. 81 108. 90 93. 87 96. 111 75. 78 108. 120 99. 102
63     , 87. 84 72. 102 147. 129 96. 93 105. 99 93. 90 84. 96 78. 117 72. 120 102. 93
64     , 108. 81 93. 96 141. 138 96. 102 108. 108 87. 87 93. 93 93. 84 111. 72 99. 78
65     , 102. 93 102. 78 114. 129 87. 102 99. 93 87. 90 81. 87 72. 108 102. 72 99. 108
66     , 102. 87 96. 93 135. 141 96. 90 105. 99 108. 93 87. 87 72. 78 108. 72 102. 105
67     , 87. 78 75. 99 111. 135 90. 90 102. 99 93. 105 114. 81 75. 111 96. 120 108. 84
68     , 108. 105 99. 96 132. 114 84. 78 96. 96 111. 93 93. 93 72. 84 114. 111 99. 102
69     , 81. 81 99. 75 114. 135 84. 87 99. 99 111. 93 108. 102 57. 78 72. 72 108. 108
70     , 84. 87 78. 90 114. 138 84. 90 102. 105 93. 108 87. 93 75. 72 99. 105 102. 102
71     , 90. 102 99. 93 135. 135 90. 66 99. 93 90. 120 90. 114 81. 66 72. 111 99. 111
72     , 75. 99 78. 72 135. 150 84. 81 99. 99 90. 93 90. 99 117. 72 108. 72 99. 84
73     , 75. 102 99. 99 141. 150 84. 84 105. 108 84. 87 111. 87 93. 84 117. 72 99. 93
74     , 108. 81 84. 96 129. 138 66. 87 99. 102 87. 105 96. 93 72. 72 72. 90 108. 108
75     , 78. 87 102. 78 144. 150 108. 93 102. 96 108. 108 90. 96 72. 72 72. 93 78. 111
76     , 102. 84 72. 78 171. 150 90. 90 99. 99 87. 87 84. 114 78. 72 114. 93 108. 78
77     , 84. 102 99. 72 141. 114 93. 78 105. 84 87. 108 96. 87 78. 81 105. 102 102. 84
78     , 84. 78 99. 99 150. 159 84. 96 99. 105 111. 90 87. 87 78. 78 120. 81 108. 87
79     , 87. 87 96. 96 129. 150 96. 84 96. 96 96. 120 96. 87 72. 78 114. 87 99. 78
80     , 93. 87 72. 96 144. 135 81. 93 99. 99 87. 108 96. 87 60. 75 69. 105 105. 96
20 pop451
81     , 102. 75 111. 114 138. 144 81. 84 93. 99 90. 87 96. 81 78. 72 108. 117 102. 87
82     , 81. 87 96. 99 132. 132 90. 90 96. 99 105. 93 99. 84 81. 78 105. 126 102. 99
83     , 87. 87 93. 90 141. 129 78. 78 102. 105 108. 108 84. 96 78. 78 123. 120 99. 99
84     , 84. 84 87. 96 144. 123 90. 96 99. 96 87. 87 81. 111 111. 72 108. 102 102. 99
85     , 75. 81 93. 102 144. 138 78. 90 99. 105 108. 93 90. 90 84. 87 105. 96 102. 96
86     , 87. 78 102. 72 138. 111 123. 93 105. 102 99. 93 96. 93 72. 111 120. 114 78. 78
87     , 102. 93 72. 102 123. 138 84. 90 99. 99 108. 120 102. 81 75. 75 117. 96 108. 99
88     , 87. 105 96. 75 129. 117 78. 66 96. 105 111. 105 87. 81 78. 72 66. 72 99. 78
89     , 102. 81 84. 99 123. 141 90. 96 105. 96 120. 108 90. 114 117. 69 102. 105 99. 102
90     , 87. 87 96. 78 162. 135 87. 96 93. 102 93. 108 93. 81 117. 75 105. 108 102. 96
91     , 81. 84 75. 93 135. 114 87. 93 105. 93 111. 111 96. 93 81. 81 72. 117 108. 108
92     , 81. 90 96. 99 114. 135 123. 99 105. 105 93. 84 87. 114 75. 72 105. 72 99. 96
93     , 87. 84 99. 84 126. 138 108. 84 96. 96 87. 108 90. 93 117. 81 105. 99 93. 96
94     , 87. 87 93. 72 162. 162 96. 78 102. 99 114. 99 90. 93 111. 78 105. 114 99. 99
95     , 102. 84 102. 96 126. 123 96. 90 105. 99 114. 105 81. 87 78. 78 72. 105 102. 105
96     , 84. 87 102. 87 138. 144 96. 66 102. 105 108. 87 111. 111 117. 78 108. 111 99. 102
97     , 87. 84 96. 99 129. 114 96. 96 99. 90 120. 93 90. 87 72. 81 117. 72 99. 102
98     , 87. 102 96. 99 135. 150 93. 90 108. 96 120. 108 96. 111 78. 78 102. 105 102. 78
99     , 108. 84 99. 102 114. 114 96. 78 96. 96 114. 120 90. 81 75. 117 96. 99 105. 99
100     , 108. 93 75. 105 111. 114 90. 90 84. 105 108. 90 87. 87 114. 75 105. 123 105. 108
20 pop551
101     , 102. 93 87. 99 135. 147 123. 96 99. 96 114. 87 87. 90 78. 69 120. 126 108. 78
102     , 75. 78 99. 102 138. 132 111. 114 99. 102 120. 108 111. 81 84. 84 102. 108 96. 99
103     , 87. 84 99. 99 150. 135 90. 111 105. 96 108. 108 114. 114 72. 75 105. 96 102. 78
104     , 84. 102 96. 102 141. 159 90. 102 108. 84 93. 90 93. 96 78. 60 93. 108 108. 93
105     , 87. 93 96. 93 144. 147 102. 99 96. 102 93. 111 114. 114 81. 75 114. 105 93. 108
106     , 90. 93 75. 87 141. 138 78. 66 102. 96 93. 114 81. 84 72. 81 105. 72 108. 99
107     , 87. 84 102. 99 159. 147 96. 96 102. 108 93. 93 108. 96 78. 72 108. 105 99. 87
108     , 93. 105 99. 96 138. 144 96. 78 105. 99 108. 105 81. 81 72. 84 105. 105 105. 99
109     , 78. 93 99. 96 150. 135 81. 90 102. 105 114. 120 93. 96 93. 81 117. 105 108. 108
110     , 105. 87 87. 102 132. 147 93. 99 105. 99 93. 90 93. 84 78. 72 108. 126 102. 102
111     , 87. 81 96. 93 141. 141 93. 84 102. 105 87. 105 96. 87 60. 84 72. 72 84. 108
112     , 84. 84 105. 75 138. 132 90. 93 105. 99 87. 90 96. 81 75. 81 108. 108 78. 78
113     , 87. 105 105. 72 135. 138 96. 102 111. 108 93. 108 108. 105 117. 75 72. 120 99. 81
114     , 81. 87 72. 102 135. 135 87. 93 108. 108 93. 90 96. 90 72. 108 87. 111 99. 99
115     , 102. 75 99. 93 138. 114 99. 90 105. 102 90. 108 93. 114 72. 75 105. 120 99. 99
116     , 87. 102 75. 99 138. 135 96. 93 96. 96 93. 105 90. 93 93. 72 90. 108 108. 96
117     , 84. 87 96. 96 144. 144 87. 93 99. 96 93. 120 114. 81 78. 72 114. 99 96. 81
118     , 87. 78 78. 96 129. 150 108. 84 93. 99 93. 93 93. 105 78. 75 114. 72 99. 108
119     , 84. 81 105. 84 159. 135 87. 96 96. 105 90. 120 96. 81 78. 84 114. 105 93. 90
120     , 84. 108 111. 78 147. 147 84. 87 93. 108 108. 108 81. 81 87. 78 123. 108 108. 102
20 pop651
121     , 75. 78 75. 99 114. 135 99. 81 99. 105 93. 120 81. 96 111. 117 120. 105 108. 111
122     , 108. 93 99. 87 162. 129 96. 96 93. 102 90. 93 111. 108 72. 78 102. 105 108. 96
123     , 78. 87 72. 96 141. 150 84. 84 99. 102 90. 87 81. 96 78. 123 108. 114 105. 108
124     , 75. 84 105. 99 138. 135 93. 66 105. 105 90. 108 81. 87 75. 117 123. 108 81. 87
125     , 87. 87 99. 102 129. 135 96. 93 84. 105 108. 105 90. 108 78. 72 108. 93 99. 96
126     , 102. 75 105. 72 150. 135 108. 96 102. 108 105. 93 90. 90 78. 69 120. 105 99. 99
127     , 84. 102 75. 102 135. 141 93. 108 96. 93 93. 111 81. 87 72. 81 99. 105 96. 108
128     , 81. 87 102. 99 126. 138 93. 81 96. 96 105. 117 114. 96 75. 84 93. 72 81. 108
129     , 105. 93 99. 87 132. 135 81. 108 99. 96 105. 93 81. 87 90. 117 108. 96 78. 96
130     , 87. 78 96. 102 138. 135 90. 81 105. 102 93. 87 90. 90 78. 81 99. 111 96. 81
131     , 75. 87 78. 102 114. 135 90. 93 96. 99 120. 96 93. 87 72. 81 87. 87 96. 102
132     , 87. 108 102. 72 141. 138 90. 93 102. 93 87. 108 114. 90 72. 75 102. 99 99. 90
133     , 78. 87 87. 105 138. 144 90. 90 96. 105 87. 87 93. 84 72. 81 120. 114 99. 96
134     , 87. 75 96. 72 129. 135 99. 99 105. 99 108. 111 96. 87 78. 75 123. 99 96. 99
135     , 81. 93 72. 99 150. 141 90. 96 99. 105 108. 90 93. 114 75. 75 117. 105 99. 78
136     , 87. 81 99. 102 132. 135 123. 66 96. 108 93. 93 96. 81 78. 72 102. 108 99. 78
137     , 78. 75 87. 102 135. 144 96. 93 84. 108 93. 87 78. 84 78. 72 114. 120 99. 102
138     , 90. 84 90. 72 144. 141 96. 66 96. 96 90. 93 96. 87 81. 72 108. 105 102. 93
139     , 75. 78 90. 99 126. 129 108. 108 105. 99 84. 108 87. 93 81. 75 72. 69 87. 78
140     , 75. 81 96. 99 129. 135 96. 102 108. 84 90. 96 96. 81 75. 75 120. 105 96. 108
20 pop751
141     , 87. 81 108. 96 129. 126 96. 90 102. 99 105. 90 96. 84 78. 81 72. 102 108. 111
142     , 90. 84 99. 99 126. 114 87. 84 93. 105 90. 108 81. 81 78. 78 105. 105 93. 108
143     , 87. 78 105. 75 129. 150 78. 78 105. 96 108. 93 87. 84 81. 93 114. 120 81. 78
144     , 108. 87 99. 72 138. 123 87. 87 96. 105 108. 108 93. 90 78. 81 105. 117 99. 105
145     , 78. 87 96. 99 147. 162 108. 87 108. 102 108. 108 96. 81 78. 72 108. 93 99. 96
146     , 81. 87 72. 99 138. 126 123. 90 96. 99 120. 87 81. 87 75. 111 105. 108 102. 105
147     , 87. 90 99. 81 171. 129 87. 96 102. 105 114. 108 96. 108 117. 72 96. 72 102. 99
148     , 102. 78 102. 96 135. 150 78. 90 99. 96 114. 90 96. 90 78. 78 102. 105 111. 81
149     , 87. 84 75. 84 162. 141 96. 90 96. 99 90. 87 81. 114 81. 72 120. 93 99. 102
150     , 87. 105 102. 99 126. 147 96. 87 102. 90 93. 90 84. 117 72. 78 105. 117 96. 108
151     , 90. 87 87. 99 138. 147 108. 87 93. 93 117. 93 93. 114 75. 120 108. 120 108. 108
152     , 81. 81 90. 93 138. 141 96. 102 108. 99 93. 105 81. 96 81. 75 114. 120 99. 108
153     , 105. 108 72. 111 129. 129 123. 96 105. 105 108. 93 87. 96 111. 78 72. 105 105. 99
154     , 75. 75 99. 78 129. 111 90. 90 105. 96 90. 93 90. 111 72. 78 72. 105 108. 99
155     , 87. 90 84. 96 129. 129 87. 84 96. 96 120. 90 96. 81 78. 78 102. 105 99. 96
156     , 81. 102 102. 99 141. 144 96. 96 105. 99 108. 114 111. 93 111. 75 120. 117 99. 99
157     , 87. 84 93. 99 144. 150 123. 66 96. 93 90. 93 81. 90 117. 78 72. 105 93. 81
158     , 87. 78 102. 72 144. 114 96. 96 99. 93 93. 93 81. 96 81. 117 105. 105 99. 108
159     , 102. 90 90. 99 135. 129 99. 78 102. 102 108. 96 93. 114 75. 78 105. 117 99. 99
160     , 87. 84 87. 99 129. 135 105. 90 105. 99 87. 108 96. 96 72. 78 120. 96 102. 99
20 pop851
161     , 99. 93 72. 99 150. 144 93. 90 99. 96 87. 90 111. 93 78. 108 105. 99 99. 84
162     , 78. 87 93. 75 135. 153 93. 93 105. 105 93. 108 81. 87 78. 72 120. 114 99. 99
163     , 78. 78 93. 99 147. 153 93. 96 105. 105 105. 114 84. 90 78. 78 105. 105 78. 78
164     , 84. 93 105. 99 126. 129 96. 102 96. 96 108. 90 87. 96 78. 72 87. 105 99. 99
165     , 75. 87 96. 90 138. 138 84. 102 99. 105 120. 108 114. 90 60. 72 117. 114 108. 108
166     , 87. 78 96. 93 135. 147 90. 90 105. 90 99. 108 87. 111 120. 81 114. 114 102. 108
167     , 81. 87 93. 72 129. 135 84. 87 96. 108 108. 87 90. 87 78. 78 105. 102 102. 102
168     , 93. 102 99. 72 147. 150 90. 102 99. 108 108. 114 96. 81 87. 78 108. 81 93. 108
169     , 102. 75 72. 90 150. 141 81. 84 96. 96 120. 93 96. 90 78. 75 66. 114 99. 108
170     , 87. 87 96. 99 132. 114 102. 96 102. 105 87. 114 84. 81 72. 72 108. 108 84. 99
171     , 102. 102 72. 102 150. 138 96. 90 105. 99 105. 108 81. 114 78. 72 108. 99 81. 96
172     , 87. 84 96. 99 138. 135 87. 96 96. 102 111. 108 93. 93 72. 75 111. 93 81. 96
173     , 78. 87 78. 87 126. 135 123. 84 93. 102 108. 114 81. 114 81. 84 120. 105 78. 105
174     , 81. 84 72. 78 129. 129 87. 114 105. 105 93. 108 93. 81 78. 117 93. 105 99. 93
175     , 81. 102 69. 75 138. 138 90. 84 99. 93 96. 108 96. 78 111. 78 114. 102 99. 108
176     , 75. 87 90. 99 114. 138 93. 114 105. 96 120. 108 111. 93 78. 78 72. 111 93. 84
177     , 84. 87 99. 99 150. 150 87. 96 99. 99 93. 93 90. 81 75. 72 99. 102 81. 96
178     , 87. 99 99. 93 144. 135 108. 78 105. 102 111. 87 87. 93 78. 75 99. 105 99. 99
179     , 87. 102 99. 93 144. 135 84. 93 93. 99 87. 114 75. 93 75. 81 99. 105 93. 108
180     , 87. 81 99. 78 135. 147 90. 123 96. 105 108. 108 96. 81 84. 72 99. 120 81. 99
20 pop951
181     , 87. 87 102. 93 135. 135 99. 90 93. 102 108. 87 81. 93 81. 117 87. 114 81. 96
182     , 81. 87 102. 72 147. 150 90. 78 99. 99 111. 87 96. 102 108. 78 117. 114 99. 99
183     , 84. 87 96. 96 147. 135 81. 87 96. 96 90. 108 114. 108 78. 78 105. 120 78. 99
184     , 84. 87 99. 96 123. 114 108. 81 105. 96 120. 93 108. 84 111. 63 99. 87 84. 99
185     , 87. 87 78. 96 138. 132 84. 60 105. 105 105. 120 111. 81 108. 111 105. 99 78. 108
186     , 87. 81 96. 96 141. 138 90. 96 105. 105 114. 87 114. 114 81. 78 105. 111 111. 99
187     , 99. 90 75. 75 132. 123 102. 84 99. 99 108. 108 111. 96 72. 117 72. 102 99. 99
188     , 78. 102 90. 99 144. 135 84. 96 96. 102 105. 99 87. 84 75. 78 114. 108 99. 78
189     , 78. 81 93. 96 135. 114 96. 120 99. 108 120. 90 93. 81 78. 72 96. 102 108. 105
190     , 87. 75 99. 93 150. 129 66. 96 96. 93 120. 87 93. 114 117. 120 93. 108 108. 99
191     , 102. 84 96. 99 150. 150 87. 90 105. 108 90. 114 93. 81 78. 75 105. 114 96. 102
192     , 81. 81 99. 99 141. 129 93. 87 96. 93 120. 90 81. 81 75. 78 108. 108 99. 99
193     , 75. 102 87. 96 132. 135 87. 96 102. 105 87. 93 105. 111 81. 111 105. 72 102. 78
194     , 84. 75 72. 75 129. 150 96. 99 99. 102 114. 90 114. 90 111. 75 114. 123 99. 102
195     , 75. 81 93. 84 159. 135 102. 123 96. 105 90. 87 90. 87 72. 93 120. 108 99. 108
196     , 87. 81 72. 84 114. 150 93. 96 102. 84 120. 114 81. 96 78. 78 102. 126 99. 81
197     , 102. 99 93. 81 147. 123 93. 108 105. 102 117. 105 81. 87 69. 72 117. 105 78. 102
198     , 87. 87 87. 99 135. 114 96. 87 96. 96 90. 114 93. 96 75. 78 114. 102 99. 102
199     , 78. 87 96. 72 144. 135 90. 96 102. 96 111. 99 87. 90 78. 60 105. 108 93. 99
200     , 84. 81 78. 93 129. 144 90. 78 96. 96 93. 93 93. 114 72. 117 99. 66 102. 78
