#     Qr( 0)     meanQr( 0)   
1 0.1010526316 0.1010526316 
2 0.1352631579 0.1181578947 
3 0.1278947368 0.1214035088 
4 0.1173684211 0.1203947368 
5 0.1173684211 0.1197894737 
6 0.1473684211 0.1243859649 
7 0.2500000000 0.1423308271 
8 0.0721052632 0.1335526316 
9 0.1326315789 0.1334502924 
10 0.0789473684 0.1280000000 
11 0.0910526316 0.1246411483 
12 0.0831578947 0.1211842105 
13 0.1300000000 0.1218623482 
14 0.1700000000 0.1253007519 
15 0.2310526316 0.1323508772 
16 0.1510526316 0.1335197368 
17 0.1305263158 0.1333436533 
18 0.1147368421 0.1323099415 
19 0.1105263158 0.1311634349 
20 0.1721052632 0.1332105263 
21 0.0789473684 0.1306265664 
22 0.1752631579 0.1326555024 
23 0.1042105263 0.1314187643 
24 0.1905263158 0.1338815789 
25 0.1415789474 0.1341894737 
26 0.0826315789 0.1322064777 
27 0.1031578947 0.1311306043 
28 0.1557894737 0.1320112782 
29 0.2115789474 0.1347549909 
30 0.1326315789 0.1346842105 
31 0.1352631579 0.1347028862 
32 0.1031578947 0.1337171053 
33 0.0847368421 0.1322328549 
34 0.3521052632 0.1386996904 
35 0.1584210526 0.1392631579 
36 0.1094736842 0.1384356725 
37 0.1831578947 0.1396443812 
38 0.0852631579 0.1382132964 
39 0.2005263158 0.1398110661 
40 0.0826315789 0.1383815789 
41 0.0931578947 0.1372785623 
42 0.1089473684 0.1366040100 
43 0.0931578947 0.1355936353 
44 0.0857894737 0.1344617225 
45 0.0873684211 0.1334152047 
46 0.0994736842 0.1326773455 
47 0.1610526316 0.1332810750 
48 0.0747368421 0.1320614035 
49 0.2673684211 0.1348227712 
50 0.1047368421 0.1342210526 
51 0.1105263158 0.1337564499 
52 0.0952631579 0.1330161943 
53 0.1047368421 0.1324826216 
54 0.0936842105 0.1317641326 
55 0.1073684211 0.1313205742 
56 0.1105263158 0.1309492481 
57 0.0942105263 0.1303047091 
58 0.1047368421 0.1298638838 
59 0.1152631579 0.1296164139 
60 0.1947368421 0.1307017544 
61 0.1294736842 0.1306816221 
62 0.0763157895 0.1298047538 
63 0.0821052632 0.1290476190 
64 0.1010526316 0.1286101974 
65 0.0768421053 0.1278137652 
66 0.2336842105 0.1294178628 
67 0.0742105263 0.1285938727 
68 0.0894736842 0.1280185759 
69 0.1521052632 0.1283676583 
70 0.2136842105 0.1295864662 
71 0.0800000000 0.1288880652 
72 0.1747368421 0.1295248538 
73 0.2315789474 0.1309228551 
74 0.1631578947 0.1313584637 
75 0.1352631579 0.1314105263 
76 0.1615789474 0.1318074792 
77 0.1568421053 0.1321326042 
78 0.0778947368 0.1314372470 
79 0.1010526316 0.1310526316 
80 0.1052631579 0.1307302632 
81 0.1042105263 0.1304028590 
82 0.1084210526 0.1301347882 
83 0.1594736842 0.1304882689 
84 0.1110526316 0.1302568922 
85 0.1084210526 0.1300000000 
86 0.1173684211 0.1298531212 
87 0.1031578947 0.1295462795 
88 0.2400000000 0.1308014354 
89 0.2710526316 0.1323772915 
90 0.4100000000 0.1354619883 
91 0.1126315789 0.1352111047 
92 0.0889473684 0.1347082380 
93 0.0884210526 0.1342105263 
94 0.0636842105 0.1334602464 
95 0.2026315789 0.1341883657 
96 0.0668421053 0.1334868421 
97 0.1394736842 0.1335485621 
98 0.1673684211 0.1338936627 
99 0.1057894737 0.1336097820 
100 0.2363157895 0.1346368421 
