  -10        0        0 0.000000000000 0.000000000000 
   -9        0        0 0.000000000000 0.000000000000 
   -8        0        0 0.000000000000 0.000000000000 
   -7        0        0 0.000000000000 0.000000000000 
   -6        0        0 0.000000000000 0.000000000000 
   -5        0        0 0.000000000000 0.000000000000 
   -4        0        0 0.000000000000 0.000000000000 
   -3        0        0 0.000000000000 0.000000000000 
   -2        0        0 0.000000000000 0.000000000000 
   -1    59701        0 0.000450772132 0.000000000000 
    0 132322397 132441639 0.999099663815 1.000000000000 
    1    59541        0 0.000449564053 0.000000000000 
    2        0        0 0.000000000000 0.000000000000 
    3        0        0 0.000000000000 0.000000000000 
    4        0        0 0.000000000000 0.000000000000 
    5        0        0 0.000000000000 0.000000000000 
    6        0        0 0.000000000000 0.000000000000 
    7        0        0 0.000000000000 0.000000000000 
    8        0        0 0.000000000000 0.000000000000 
    9        0        0 0.000000000000 0.000000000000 
   10        0        0 0.000000000000 0.000000000000 
Various statistics on the whole empirical distribution (non-central moments)
mean =  -0.00000121   0.00000000 
non-central sigma2 =   0.00090034   0.00000000 
non-central kurtosis= 1107.69622281   0.00000000 
non-central skewness=  -0.00134181   0.00000000 
Various statistics on the semi empirical distribution (one side, axial dispersal, central moments)
mean axial dispersal =   0.00090034   0.00000000 
central/axial sigma2 =   0.00089953   0.00000000 
central/axial kurtosis= 1105.69712395   0.00000000 
central/axial skewness=   0.99819933   0.00000000