5 1 5 1 0.515368
15 1 5 1 0.511475
15 1 15 1 0.507105
25 1 5 1 0.518625
25 1 15 1 0.512575
25 1 25 1 0.529211
35 1 5 1 0.51065
35 1 15 1 0.51025
35 1 25 1 0.521025
35 1 35 1 0.509105
45 1 5 1 0.5136
45 1 15 1 0.506875
45 1 25 1 0.517875
45 1 35 1 0.510675
45 1 45 1 0.512895
55 1 5 1 0.51665
55 1 15 1 0.5106
55 1 25 1 0.522775
55 1 35 1 0.51465
55 1 45 1 0.514975
55 1 55 1 0.518263
65 1 5 1 0.513975
65 1 15 1 0.505975
65 1 25 1 0.514
65 1 35 1 0.509075
65 1 45 1 0.509225
65 1 55 1 0.515475
65 1 65 1 0.512368
75 1 5 1 0.5144
75 1 15 1 0.507375
75 1 25 1 0.516375
75 1 35 1 0.5105
75 1 45 1 0.51225
75 1 55 1 0.516375
75 1 65 1 0.50985
75 1 75 1 0.514211
85 1 5 1 0.5172
85 1 15 1 0.5073
85 1 25 1 0.520175
85 1 35 1 0.51555
85 1 45 1 0.520925
85 1 55 1 0.5212
85 1 65 1 0.516825
85 1 75 1 0.5204
85 1 85 1 0.523053
95 1 5 1 0.508025
95 1 15 1 0.50015
95 1 25 1 0.513475
95 1 35 1 0.503025
95 1 45 1 0.505075
95 1 55 1 0.50945
95 1 65 1 0.5072
95 1 75 1 0.508425
95 1 85 1 0.512575
95 1 95 1 0.501263
