1 10. pareto2_m7.txt under HKY85; 10 x 1 haploid idividuals  evolving at G=0 on a 10 x 1 lattice with absorbing boundaries; mutation proba=5e-05; replicate # 7; Mrca Moy= 20604; MRCA MAX=47929
20 pop51
1     , 1 1 1 1 1 1 1 1 1 1
1     , 2 2 1 2 1 1 1 2 1 1
2     , 3 2 1 2 2 1 1 1 1 2
2     , 4 1 2 1 1 1 1 1 1 1
3     , 5 2 1 3 2 1 1 1 1 3
3     , 1 2 1 3 1 1 1 2 1 2
4     , 2 2 1 2 1 1 1 2 1 1
4     , 6 3 1 3 2 1 1 2 1 1
5     , 2 2 1 3 3 1 1 3 1 1
5     , 6 2 1 2 4 1 1 1 1 3
6     , 3 2 3 2 1 1 1 1 1 3
6     , 5 2 1 4 1 1 1 1 1 4
7     , 2 4 1 2 2 1 1 3 1 1
7     , 7 1 1 2 5 1 1 2 1 1
8     , 3 2 4 2 2 1 1 4 1 1
8     , 6 2 1 1 1 1 1 4 1 1
9     , 7 2 1 2 1 1 1 1 1 1
9     , 6 4 5 2 1 1 1 1 1 3
10     , 2 2 1 5 3 1 1 2 2 3
10     , 2 5 1 5 1 1 1 1 1 2
20 pop151
11     , 3 2 1 2 1 1 1 1 1 1
11     , 7 1 1 6 3 1 1 2 1 1
12     , 1 2 5 6 2 1 1 2 1 2
12     , 4 2 6 2 1 1 1 1 1 1
13     , 6 2 3 1 3 1 1 3 1 1
13     , 6 2 5 1 4 1 1 3 1 1
14     , 5 2 1 2 2 1 1 1 2 1
14     , 7 2 6 2 2 1 1 1 1 1
15     , 7 2 1 3 3 1 1 4 1 1
15     , 2 5 5 3 2 1 1 3 1 1
16     , 2 3 5 1 2 1 1 1 1 1
16     , 7 2 1 5 2 1 1 1 1 1
17     , 2 2 5 3 5 1 1 1 1 3
17     , 7 4 1 3 3 1 1 1 1 3
18     , 6 2 2 2 2 1 1 1 1 1
18     , 2 2 5 2 2 1 1 1 1 1
19     , 2 2 1 3 3 1 1 2 3 3
19     , 3 4 1 2 1 1 1 1 1 1
20     , 7 1 1 2 3 1 1 1 1 1
20     , 1 2 7 3 1 1 1 1 1 1
20 pop251
21     , 6 1 1 5 1 2 1 2 1 3
21     , 3 2 1 7 1 1 1 3 1 1
22     , 7 2 1 2 6 1 1 3 1 1
22     , 2 2 1 3 3 1 1 1 1 1
23     , 2 2 4 1 2 1 1 3 2 3
23     , 7 2 5 4 3 1 1 1 1 1
24     , 2 2 1 2 1 1 1 3 1 1
24     , 6 2 1 4 1 3 1 3 1 1
25     , 2 2 1 2 5 1 1 1 2 1
25     , 2 2 1 2 1 1 1 2 1 3
26     , 3 2 1 2 1 1 1 2 1 1
26     , 1 2 1 3 3 1 1 1 1 3
27     , 7 2 5 3 2 1 1 1 1 1
27     , 6 2 1 2 1 1 1 1 1 1
28     , 7 2 3 4 2 1 1 1 1 1
28     , 5 2 4 2 1 1 1 1 1 3
29     , 6 2 1 5 2 1 1 2 1 1
29     , 2 2 1 7 1 1 1 3 1 1
30     , 4 2 1 2 1 1 1 1 1 5
30     , 6 2 1 2 2 1 1 1 1 2
20 pop351
31     , 2 2 5 3 3 1 1 2 2 1
31     , 7 2 1 7 1 1 2 1 1 1
32     , 7 2 1 5 3 1 1 3 1 1
32     , 3 2 1 4 3 1 1 1 1 1
33     , 2 2 1 1 2 1 1 1 1 1
33     , 1 2 1 4 1 1 1 2 1 1
34     , 7 2 1 1 1 1 1 2 1 4
34     , 6 2 1 2 3 1 1 3 1 1
35     , 7 2 1 2 2 1 1 1 1 3
35     , 7 2 1 2 7 1 1 1 1 1
36     , 7 2 1 5 3 1 2 1 1 1
36     , 3 2 1 2 2 1 1 3 1 1
37     , 7 2 1 6 1 2 1 1 1 1
37     , 7 4 1 2 2 1 1 3 1 1
38     , 5 2 5 2 2 1 1 4 1 1
38     , 7 2 5 1 1 1 1 1 1 1
39     , 6 2 1 4 1 1 1 2 1 1
39     , 1 2 4 5 1 1 1 1 1 1
40     , 6 2 1 1 2 1 1 3 1 1
40     , 8 2 1 5 1 1 1 1 1 1
20 pop451
41     , 6 2 1 6 2 1 1 2 1 1
41     , 1 2 1 2 2 1 1 1 1 1
42     , 7 2 1 5 1 1 1 1 1 1
42     , 7 2 1 5 1 1 1 1 1 1
43     , 6 2 1 2 1 1 1 2 1 1
43     , 4 2 5 2 1 1 1 1 2 1
44     , 7 2 2 1 1 1 1 1 2 3
44     , 7 2 1 6 1 1 1 2 2 1
45     , 5 2 1 2 1 1 1 1 2 1
45     , 7 1 1 3 2 1 1 3 1 1
46     , 6 2 1 3 1 1 1 3 2 1
46     , 7 2 6 2 1 1 1 2 1 1
47     , 1 3 4 2 1 1 1 3 1 1
47     , 5 2 1 6 2 1 1 2 1 1
48     , 4 4 1 2 2 1 1 1 2 1
48     , 7 4 1 2 1 1 1 1 1 1
49     , 2 2 1 6 5 1 1 1 1 3
49     , 3 2 1 2 1 1 1 3 1 1
50     , 2 2 1 2 2 2 1 1 1 1
50     , 1 1 1 2 1 1 1 1 1 1
20 pop551
51     , 1 2 4 2 1 1 1 1 1 1
51     , 2 2 1 2 1 1 1 1 3 1
52     , 7 2 4 3 2 1 1 3 1 1
52     , 1 2 1 4 1 1 1 2 1 1
53     , 1 1 3 2 3 1 1 2 1 3
53     , 6 2 5 2 1 1 1 1 1 1
54     , 5 2 1 1 2 1 1 1 1 1
54     , 6 2 4 2 1 1 1 2 1 1
55     , 7 2 1 3 2 1 1 3 1 1
55     , 3 2 1 5 1 1 1 2 1 1
56     , 6 2 1 3 1 1 1 1 1 1
56     , 7 2 5 2 1 1 1 2 1 1
57     , 6 2 8 2 1 1 1 3 1 1
57     , 6 3 1 2 2 1 1 2 1 1
58     , 5 2 1 1 2 1 1 1 1 1
58     , 6 2 1 2 5 1 1 2 1 1
59     , 6 2 5 3 1 1 1 1 2 3
59     , 2 2 1 2 1 1 1 4 1 1
60     , 5 6 2 1 2 1 1 2 2 1
60     , 4 2 1 3 2 1 1 1 1 1
20 pop651
61     , 4 2 2 3 3 1 1 2 1 3
61     , 2 2 1 2 3 4 1 2 1 2
62     , 2 2 1 6 3 1 1 3 4 1
62     , 7 2 1 1 3 1 1 1 1 1
63     , 2 2 4 2 2 1 1 3 1 1
63     , 2 4 5 5 1 1 1 2 4 1
64     , 3 2 1 1 8 1 1 1 1 1
64     , 1 2 1 7 2 1 1 1 1 1
65     , 2 2 1 2 3 5 1 1 1 1
65     , 3 2 1 1 2 1 1 2 1 1
66     , 2 2 5 7 1 1 1 1 1 1
66     , 2 2 1 2 1 1 2 3 1 5
67     , 6 2 5 3 2 1 1 2 1 1
67     , 2 2 1 4 2 1 1 2 1 1
68     , 7 2 1 2 1 1 1 1 1 1
68     , 7 3 1 2 2 1 1 1 5 1
69     , 1 2 1 2 1 1 1 3 1 1
69     , 6 1 1 3 1 1 1 2 1 1
70     , 3 2 1 1 1 1 1 1 1 1
70     , 6 2 5 3 1 1 1 1 1 1
20 pop751
71     , 7 2 1 2 1 1 1 1 1 1
71     , 1 2 5 2 2 1 1 2 1 1
72     , 5 2 1 3 1 1 1 1 1 1
72     , 4 2 1 4 1 1 1 2 1 1
73     , 4 2 1 3 1 1 1 1 2 1
73     , 2 2 1 2 3 1 1 1 1 1
74     , 7 2 1 3 3 1 1 1 1 1
74     , 6 2 1 3 3 1 1 1 1 1
75     , 6 2 1 2 1 1 1 1 1 1
75     , 5 2 1 3 3 1 1 2 1 1
76     , 7 2 5 2 1 2 1 1 1 1
76     , 7 1 1 3 1 2 1 1 2 1
77     , 7 2 5 4 1 1 1 1 1 1
77     , 6 2 5 2 2 1 1 3 1 1
78     , 7 2 1 2 2 1 1 3 1 3
78     , 7 4 1 2 5 1 1 1 1 1
79     , 7 4 2 1 2 1 1 2 1 3
79     , 7 2 1 3 1 1 1 2 2 1
80     , 1 1 1 2 1 1 1 1 1 3
80     , 7 2 1 3 2 1 1 1 1 3
20 pop851
81     , 6 1 1 1 1 1 1 1 1 3
81     , 2 2 1 3 3 2 1 1 2 1
82     , 3 2 1 2 1 5 1 3 2 1
82     , 4 3 1 3 1 1 1 1 1 1
83     , 1 2 1 3 1 1 1 1 1 1
83     , 7 2 1 2 2 1 1 1 1 1
84     , 2 2 5 3 2 1 1 3 1 3
84     , 1 1 1 2 3 2 1 3 2 3
85     , 7 2 1 4 1 2 1 1 1 1
85     , 7 3 1 7 3 1 1 1 1 1
86     , 5 2 1 1 3 1 1 1 1 1
86     , 2 2 1 3 1 1 1 2 1 3
87     , 5 3 1 3 2 1 1 1 3 1
87     , 3 2 1 3 1 1 1 2 1 1
88     , 7 2 1 1 1 1 1 1 1 1
88     , 7 1 1 2 1 1 1 2 1 3
89     , 7 1 1 2 1 1 1 3 1 1
89     , 2 2 1 3 1 1 1 2 1 1
90     , 4 2 1 3 2 1 1 2 1 1
90     , 7 2 5 3 1 1 1 1 1 1
20 pop951
91     , 7 7 5 2 5 1 1 2 1 1
91     , 3 6 1 3 1 1 1 2 1 1
92     , 2 1 5 1 3 1 1 2 3 1
92     , 7 2 2 3 1 1 1 1 1 1
93     , 7 1 3 3 1 1 1 2 1 1
93     , 2 1 1 1 1 1 1 1 1 1
94     , 6 2 1 5 1 1 1 1 2 1
94     , 5 4 5 2 1 1 1 1 1 1
95     , 2 4 6 1 1 1 1 2 2 2
95     , 7 2 1 2 1 1 1 1 1 1
96     , 7 2 1 5 2 1 1 1 1 1
96     , 2 2 1 5 1 1 1 2 1 3
97     , 2 2 5 3 1 1 1 3 1 3
97     , 6 4 1 2 2 1 1 1 2 1
98     , 4 2 1 2 1 1 1 2 2 1
98     , 7 1 1 3 1 1 1 1 2 1
99     , 2 2 1 4 1 1 1 3 1 2
99     , 5 2 1 3 1 1 1 1 1 1
100     , 7 2 2 2 2 1 1 5 1 1
100     , 5 3 1 2 5 5 1 1 1 1
